22,33,32,33,23,33,15,32,14,33
26,29,26,29,26,33,20,33,27,2
2,13,3,0,6,5,16,5,6,5
1,7,3,0,7,3,2,1,21,0
23,27,33,26,29,33,28,2,0,21
5,0,7,0,6,0,12,0,21,1
20,32,14,33,19,33,23,33,13,1
3,0,1,21,1,0,3,12,0,21
0,21,1,2,28,31,32,30,33,31
24,27,2,28,31,32,33,30,1,3
7,0,4,6,4,0,3,1,19,1
10,0,12,0,13,3,12,3,7,0
9,33,20,33,32,30,33,18,32,23
18,32,22,33,26,29,26,29,23,29
31,32,15,33,8,32,22,32,2,1
19,33,9,33,23,29,32,22,32,20
17,0,12,3,0,12,0,7,0,31
16,6,5,10,5,16,6,16,5,10
4,6,0,13,33,32,23,33,14,32
32,20,32,8,33,22,33,20,33,22
29,33,29,26,33,23,29,23,33,18
6,0,11,0,10,4,6,0,31,32
33,30,32,30,1,17,0,1,0,12
27,2,13,3,7,3,1,3,1,3
14,32,18,33,22,32,2,1,21,0
12,3,0,6,0,4,6,16,6,0
30,32,33,19,0,7,0,10,5,0
21,1,7,2,7,1,7,1,7,3
11,0,13,0,10,0,2,13,3,0
15,33,18,33,14,32,33,22,33,18
8,32,18,32,30,32,22,32,33,22
13,3,1,21,0,12,0,2,27,24
25,31,28,33,15,32,29,32,31,28
28,2,3,13,3,1,0,4,10,4
1,17,1,13,1,17,0,19,1,17
23,32,23,32,30,1,3,0,2,7
5,16,6,0,10,0,11,0,31,32
13,0,6,4,0,21,1,13,3,7
15,32,23,32,22,33,31,24,27,33
31,24,27,23,29,33,15,33,22,32
32,30,32,29,23,25,31,33,8,2
20,33,28,2,8,2,32,20,33,15
2,9,2,0,6,5,6,16,5,6
30,33,8,32,23,27,24,25,31,28
3,1,17,0,7,2,1,2,27,2
25,23,32,14,32,8,33,31,25,31
9,2,32,22,32,8,32,29,26,29
0,17,0,6,5,0,8,2,13,2
19,33,19,0,11,0,31,32,20,33
33,29,32,18,32,23,32,31,25,23
28,2,7,1,7,1,2,7,2,9
4,10,4,0,1,19,0,8,32,33
18,33,22,33,26,29,26,33,13,1
16,5,6,5,16,5,0,8,32,31
21,1,21,1,2,1,2,8,33,9
14,33,30,33,26,33,19,33,27,23
12,0,31,28,33,31,24,31,32,23
11,0,19,1,7,3,7,3,1,17
10,0,11,0,10,0,3,7,1,0
22,32,22,32,8,33,23,27,33,9
17,0,5,10,4,10,4,0,21,1
8,33,26,29,23,32,23,25,31,32
6,0,21,1,0,31,33,18,32,14
24,25,24,27,23,33,8,2,8,33
26,29,26,29,23,32,8,0,1,30
29,26,29,23,25,24,31,24,31,33
7,0,2,3,2,1,19,33,13,1
27,23,27,24,25,24,25,31,0,10
27,2,1,17,0,21,1,17,0,4
10,4,0,19,33,8,2,13,33,8
22,32,20,33,32,2,27,2,7,1
14,32,22,33,28,2,13,3,1,7
28,2,28,31,33,22,32,8,33,8
32,30,33,23,25,24,27,2,0,5
15,33,27,23,32,33,9,2,0,19
7,0,11,0,2,8,33,28,2,27
2,9,33,14,33,15,33,18,33,19
0,5,10,0,31,32,15,32,15,33
13,1,30,32,8,0,31,0,1,2
25,24,27,24,31,0,10,0,12,0
16,6,0,1,13,0,8,0,19,1
19,1,2,32,22,33,27,33,13,3
31,32,30,1,19,0,5,10,4,10
8,0,5,0,10,5,10,4,0,1
3,7,0,2,7,0,6,4,10,4
9,33,19,1,13,3,0,1,0,5
6,5,6,0,5,0,17,0,7,2
29,23,25,24,27,23,27,24,25,31
18,32,30,1,19,0,5,6,5,0
24,27,2,32,23,29,32,20,32,31
1,3,12,3,12,0,3,0,7,3
4,10,0,21,1,3,0,11,0,21
26,33,31,24,25,24,25,24,27,2
12,0,3,13,2,8,33,13,3,1
5,6,0,13,3,2,28,2,9,33
17,0,3,7,2,1,30,32,2,13
11,0,1,21,0,12,3,1,21,1
30,33,32,29,32,18,32,2,32,20
23,29,23,33,19,0,8,0,7,3
20,33,29,23,29,26,29,23,32,8
33,31,32,15,33,13,0,2,28,33
21,0,2,13,2,0,11,0,19,1
10,0,13,0,7,0,21,0,10,5
19,0,31,32,31,33,23,25,31,25
32,30,1,7,3,7,1,30,32,8
22,33,26,33,20,32,23,32,20,33
27,23,27,33,9,33,30,32,20,33
25,24,31,33,26,33,15,32,31,24
21,1,0,2,28,33,23,33,20,32
24,27,24,25,24,27,23,27,2,13
29,26,29,23,25,24,31,32,18,32
6,16,5,0,31,28,2,1,17,1
18,32,33,18,32,14,32,30,1,19
15,33,13,33,23,25,31,33,29,23
5,6,0,13,1,2,0,11,0,1
1,0,31,25,31,0,7,2,27,33
7,1,13,1,0,3,0,31,32,22
4,6,0,12,3,13,33,18,32,8
2,1,21,1,13,3,1,7,1,2
20,32,23,33,9,2,8,33,8,32
28,2,13,1,2,9,33,14,32,18
14,33,19,33,29,23,25,23,29,32
26,29,33,28,33,15,33,14,32,8
3,12,3,0,8,33,9,2,27,2
23,32,31,24,25,24,25,24,27,23
16,6,4,10,0,8,0,1,17,1
30,33,27,24,31,0,2,9,2,8
33,15,33,8,0,1,21,1,19,1
11,0,2,3,1,7,2,27,24,25
9,33,26,33,14,32,31,0,5,10
13,0,10,5,10,4,6,16,5,6
17,1,19,1,13,0,17,0,13,3
12,3,12,0,4,0,19,1,3,13
0,6,16,5,6,5,10,0,8,32
8,32,23,25,24,25,23,32,20,32
31,24,27,23,27,23,25,31,33,27
3,1,30,1,19,0,6,0,3,7
2,28,31,25,24,31,25,24,25,24
7,2,8,33,13,1,2,3,13,33
5,10,4,6,0,3,13,33,22,32
20,33,23,32,30,33,18,32,18,33
21,1,3,0,3,12,3,2,3,7
28,2,1,2,7,3,7,1,17,1
31,25,24,31,25,24,27,23,33,28
6,16,5,10,4,0,8,0,13,2
25,31,32,30,32,30,32,18,33,15
22,32,2,28,31,28,31,33,29,32
24,27,2,0,21,1,30,33,32,2
8,32,31,25,23,27,24,25,23,27
10,0,5,0,17,0,17,1,3,13
19,0,19,33,29,26,29,33,13,33
0,7,3,12,0,8,2,7,1,13
27,2,8,32,30,33,22,33,32,18
11,0,21,0,10,4,6,16,5,16
9,2,13,1,13,33,32,14,33,23
23,27,23,25,24,25,23,25,24,27
14,33,32,22,32,33,23,33,15,32
32,22,32,23,25,23,29,33,31,24
13,33,32,8,32,15,33,19,0,19
12,0,10,4,0,11,0,8,0,7
30,33,30,32,20,33,26,33,14,32
4,0,21,1,3,12,0,12,0,3
15,32,20,33,28,31,32,22,33,18
16,6,16,6,5,0,1,2,8,2
18,33,27,33,26,29,33,32,30,1
26,33,23,29,23,29,33,26,33,8
1,0,2,32,30,32,31,25,23,29
17,1,3,1,21,1,19,33,22,32
33,23,27,2,3,0,4,6,4,0
29,26,33,29,26,33,13,33,31,25
17,1,19,0,12,0,4,0,21,0
20,33,13,33,19,0,13,2,3,1
25,23,33,19,0,5,16,6,16,6
3,2,3,0,17,1,21,0,8,0
5,10,4,10,4,6,5,10,5,16
30,32,8,33,27,23,29,33,14,32
2,0,2,9,2,8,32,30,33,15
12,3,12,0,7,2,32,33,23,33
13,33,9,33,32,22,33,26,33,31
14,33,23,32,30,1,19,1,3,2
1,3,12,0,17,0,21,1,3,13
18,32,14,33,23,32,30,1,3,1
16,6,16,5,6,4,10,0,11,0
10,5,10,4,0,6,5,10,5,10
15,32,33,27,23,25,24,31,24,25
0,6,4,10,0,1,3,1,13,3
7,2,7,2,27,33,18,32,8,0
23,32,29,23,32,31,28,33,8,32
27,24,27,2,8,32,2,7,1,19
33,18,33,26,33,27,23,25,31,0
6,5,10,4,6,16,5,10,4,10
28,33,28,31,28,33,20,33,28,31
29,23,33,32,30,33,19,1,2,3
32,15,32,14,32,8,0,1,3,7
21,0,17,1,13,2,3,13,3,0
9,2,7,3,7,0,4,10,5,6
31,33,19,33,26,29,23,29,26,29
4,10,4,6,16,5,16,5,10,5
24,25,31,32,30,33,8,33,20,33
22,33,19,0,2,28,33,29,33,31
8,32,31,28,2,27,24,27,23,33
11,0,4,0,7,0,11,0,13,3
19,0,17,1,7,2,13,2,9,2
26,33,28,31,32,22,32,23,27,24
6,5,16,5,16,5,0,31,25,31
21,1,2,7,2,13,1,13,3,2
2,27,2,13,2,28,31,25,23,25
27,33,14,32,30,32,29,33,20,33
9,33,8,32,2,28,2,13,0,11
15,32,23,27,33,14,32,20,33,20
4,0,1,21,1,2,27,33,30,33
31,33,32,33,29,32,8,33,20,32
3,12,3,13,0,11,0,17,0,7
32,20,32,15,32,31,24,25,24,25
28,33,26,33,8,2,8,0,21,1
30,33,29,33,9,2,28,33,27,24
12,0,12,3,13,33,8,33,30,33
13,0,21,1,30,32,2,28,31,24
8,33,29,23,32,29,26,29,32,30
26,29,32,30,1,2,8,32,29,32
7,1,3,13,33,14,32,18,32,31
10,0,1,0,31,33,15,33,28,33
17,1,3,12,0,12,0,5,10,4
18,32,15,32,2,13,1,3,2,27
24,27,23,29,26,29,26,29,23,33
5,16,6,16,5,10,0,11,0,19
29,32,30,33,27,33,18,33,31,32
22,32,30,32,29,26,33,26,33,27
14,33,23,29,26,33,28,2,27,33
23,27,2,27,24,27,33,30,33,22
33,13,0,7,3,2,13,0,31,33
16,6,5,16,5,0,1,2,28,2
19,0,11,0,12,0,13,2,3,7
20,33,19,33,9,2,27,33,15,32
11,0,21,0,4,6,16,6,16,5
1,30,32,14,32,23,27,23,29,32
0,21,0,10,5,16,5,6,5,0
25,23,25,24,25,31,28,2,8,2
33,13,2,7,1,30,33,30,32,8
30,1,2,9,2,1,19,33,29,26
19,1,19,33,31,24,27,23,29,33
13,3,13,3,7,1,0,5,6,16
26,29,33,13,2,0,3,7,3,7
29,23,25,23,25,24,31,24,31,0
15,32,31,25,23,25,23,33,9,2
17,0,8,33,9,2,3,12,3,13
4,0,19,1,13,33,20,33,18,33
11,0,7,2,27,2,7,3,7,2
32,14,32,15,32,22,32,14,32,15
23,33,22,32,15,33,31,32,18,33
6,0,3,13,3,2,28,2,32,23
10,0,6,4,6,0,21,1,30,1
8,2,9,2,7,1,19,1,21,1
2,0,1,13,1,30,1,2,27,2
16,6,16,6,4,6,5,10,4,6
31,33,28,2,28,33,13,3,0,4
25,31,24,27,33,29,26,33,9,33
22,33,19,33,31,25,23,25,31,28
5,16,5,16,5,16,6,5,16,6
9,2,32,2,28,2,28,33,15,32
28,2,9,33,15,32,18,33,31,28
7,2,7,1,2,27,23,25,24,31
1,30,32,30,1,30,1,21,1,2
0,7,2,3,1,13,2,13,3,12
20,32,15,32,20,32,29,33,22,32
3,7,1,30,33,9,33,30,1,3
14,33,22,33,18,32,14,33,22,32
18,33,22,32,29,23,29,23,32,8
27,2,0,8,0,6,4,6,5,16
21,1,0,7,1,3,2,7,3,1
24,27,23,25,24,25,31,32,31,25
12,0,6,5,0,3,7,3,12,0
15,32,23,33,14,32,14,32,18,32
19,0,5,10,0,17,0,13,2,32
9,2,13,33,9,33,31,0,6,16
26,33,28,2,32,22,33,29,33,30
17,1,2,0,5,16,5,0,6,5
3,1,2,8,33,30,32,30,32,20
1,21,0,6,5,10,4,10,5,10
6,4,10,0,5,0,7,0,12,3
31,0,21,1,3,1,17,0,17,0
10,0,6,5,16,5,0,3,12,3
25,23,27,24,31,25,24,31,0,31
4,0,4,6,4,6,16,5,16,6
21,1,0,8,0,6,4,10,0,8
12,3,7,2,32,18,32,22,32,15
14,32,14,33,20,32,22,32,14,33
11,0,2,32,2,27,33,19,0,12
8,33,29,26,29,33,26,33,30,33
5,6,16,6,0,13,2,28,2,27
7,2,1,17,0,13,0,17,1,19
20,32,20,33,9,2,7,0,17,1
23,27,23,29,23,29,32,8,0,10
32,30,32,29,26,33,20,32,15,32
29,26,33,32,30,32,29,32,18,32
24,31,32,20,33,15,32,8,2,9
33,28,2,32,29,32,18,32,8,33
16,6,5,6,4,6,5,6,5,0
22,33,29,32,22,33,13,2,1,3
18,33,26,29,32,18,33,8,33,20
27,24,25,31,32,8,33,8,33,20
2,3,7,0,7,0,21,0,12,0
13,0,13,33,18,32,33,32,15,33
30,1,13,33,23,33,9,33,31,32
28,31,33,15,33,30,1,21,0,2
0,6,16,5,0,10,5,0,8,0
12,0,8,32,31,25,24,25,31,28
31,0,10,0,19,1,2,8,33,18
27,23,32,15,32,15,33,28,2,32
3,2,32,31,28,2,27,24,31,33
2,1,19,1,17,1,21,0,3,0
22,33,20,32,20,33,13,0,19,33
9,33,13,2,27,2,28,31,25,23
8,32,8,0,31,28,31,0,8,33
23,33,8,32,33,31,24,25,23,25
7,0,5,6,5,6,4,10,5,16
30,32,22,32,18,33,31,32,31,24
29,33,31,32,8,33,18,32,15,32
4,0,3,12,0,8,33,18,32,8
21,0,31,32,18,32,18,32,29,33
1,17,0,6,5,6,4,10,5,10
5,0,1,7,1,13,3,13,0,19
16,5,10,4,10,5,6,16,6,0
15,33,30,1,30,33,29,33,18,32
33,28,2,0,3,1,30,33,15,33
14,32,2,8,33,32,29,23,32,23
28,2,13,3,0,7,1,3,7,0
0,19,1,2,32,18,33,22,32,23
6,16,5,0,12,3,13,2,8,2
24,31,33,27,33,29,33,15,33,13
32,29,26,29,32,33,30,33,27,23
18,32,14,32,20,33,23,27,33,31
13,0,3,12,0,19,1,21,0,5
26,29,23,29,23,33,9,2,1,3
11,0,17,0,6,0,31,28,33,32
20,33,29,33,13,0,12,0,19,0
19,33,23,25,24,31,32,14,33,32
25,23,25,24,27,24,27,33,26,33
17,1,7,1,3,13,2,0,2,0
10,0,17,1,21,0,4,6,4,6
29,26,33,29,23,32,14,33,28,33
30,33,14,32,2,1,19,33,15,32
8,2,3,2,1,17,0,2,32,22
11,0,8,32,23,32,31,32,2,3
6,16,5,6,4,10,4,6,5,16
24,27,23,25,31,28,2,3,2,7
28,2,9,33,30,1,21,1,13,3
31,33,8,2,27,33,9,2,1,0
14,32,18,33,28,33,26,33,22,33
4,6,5,10,0,10,4,6,4,10
16,5,0,12,0,21,1,21,0,11
20,32,22,33,26,33,30,33,13,2
33,22,32,22,32,30,32,31,25,23
5,6,0,19,33,30,1,7,0,2
2,3,7,1,21,1,17,1,17,0
25,24,27,2,7,2,9,2,7,1
26,29,23,29,33,14,33,9,33,26
1,3,2,7,3,0,31,33,22,33
32,14,32,22,32,8,33,13,0,6
0,7,1,30,1,21,0,1,7,2
18,32,8,32,20,33,22,33,31,24
22,33,23,29,26,29,26,33,9,33
10,4,0,12,0,4,10,0,10,0
23,25,23,33,14,32,30,33,27,2
13,3,2,28,2,32,29,33,15,33
21,0,12,3,13,1,3,12,3,2
12,0,6,16,6,5,10,0,7,1
7,1,3,0,8,33,9,33,26,29
3,12,3,13,3,12,3,1,2,3
9,33,31,33,31,25,23,25,24,27
27,33,32,8,32,33,31,24,31,25
17,0,6,16,6,4,10,0,1,7
15,32,23,29,26,33,9,2,3,1
19,0,8,2,13,1,21,1,21,0
22,33,29,32,20,33,27,24,25,23
5,0,10,4,6,4,0,8,32,29
30,1,7,0,2,9,2,13,2,7
33,27,33,27,23,29,32,31,28,33
28,2,32,8,33,13,33,32,18,33
3,12,0,13,33,23,25,23,33,32
1,30,33,19,0,7,0,31,0,4
11,0,31,32,29,33,22,33,8,32
7,1,21,1,7,0,19,1,13,2
20,33,28,2,13,0,2,13,1,13
18,33,22,33,13,3,1,0,19,0
10,4,6,0,4,6,5,10,0,13
17,0,3,13,1,17,0,17,0,17
23,32,23,32,30,32,30,33,28,31
9,2,1,2,1,2,9,33,13,33
24,27,2,32,23,27,2,32,20,33
0,13,33,9,33,29,33,31,0,1
13,33,19,33,20,32,31,0,11,0
6,16,5,16,5,6,4,6,5,10
2,0,19,33,18,32,8,33,9,2
26,33,22,32,31,25,31,28,2,7
25,24,25,24,25,31,24,25,23,29
14,33,29,32,15,33,19,0,1,19
16,5,6,16,5,10,4,6,5,0
4,0,21,1,17,1,7,2,7,1
27,33,9,2,27,23,29,33,30,32
12,3,13,1,19,0,7,2,8,32
19,33,15,32,20,32,30,1,3,13
8,33,8,33,31,28,31,0,8,33
32,18,32,18,33,31,33,27,23,29
29,26,29,32,2,9,2,32,33,30
21,0,4,6,4,10,4,6,4,6
31,25,23,29,23,25,23,25,31,32
15,32,23,27,2,3,12,0,6,5
31,33,29,33,18,32,18,32,20,33
29,26,29,23,33,22,32,30,32,8
23,32,31,33,30,32,23,29,26,29
19,0,6,16,5,6,5,10,4,10
21,1,0,13,0,7,1,19,33,9
10,0,31,25,24,27,23,29,23,32
32,15,32,2,28,33,31,0,12,3
6,5,10,0,31,32,8,0,19,0
13,1,21,0,17,1,3,1,19,1
33,32,15,32,31,33,8,32,20,33
1,2,7,2,9,2,27,2,7,0
9,2,3,7,3,7,2,27,2,0
5,16,6,4,10,4,0,11,0,8
22,32,8,2,3,13,0,8,0,3
18,32,23,25,24,27,2,1,13,2
28,33,28,2,7,1,3,13,1,2
4,6,16,6,4,6,0,1,3,0
8,33,18,33,29,33,15,32,14,32
25,23,32,29,32,31,24,31,32,2
16,6,5,10,5,6,16,6,0,5
11,0,8,33,32,8,0,5,10,0
27,24,27,23,32,29,32,18,32,8
2,28,2,7,1,19,0,10,5,16
0,7,2,0,2,0,4,10,5,10
12,0,13,33,22,33,32,33,26,33
20,33,8,0,19,1,0,12,3,2
30,33,18,33,29,33,19,33,30,32
26,29,32,31,28,31,25,24,27,33
3,1,21,0,12,0,5,10,5,6
17,0,1,7,3,7,2,7,2,27
7,0,10,4,6,0,4,0,11,0
24,27,23,33,18,33,8,32,33,31
15,32,23,33,8,33,14,32,15,32
14,33,18,33,30,32,33,15,33,18
3,12,3,0,4,0,13,1,0,6
25,31,24,25,31,24,31,28,2,28
9,2,8,2,3,1,7,3,1,30
18,33,28,2,7,2,0,21,0,13
14,32,14,32,31,28,33,13,3,7
10,5,0,7,3,0,6,4,0,11
12,0,12,0,6,16,5,16,5,0
32,33,8,33,31,25,23,27,23,33
5,6,5,6,16,5,10,4,0,19
15,32,29,33,19,1,17,0,31,32
21,1,7,3,7,3,7,0,21,0
2,27,24,25,31,24,31,28,33,32
11,0,5,10,0,1,3,7,2,32
6,4,0,7,1,13,2,0,4,0
13,0,13,3,2,13,0,7,2,7
17,1,17,0,5,10,4,0,13,33
30,32,29,32,33,30,1,21,1,3
28,33,15,32,22,32,2,9,33,30
33,22,32,22,32,22,32,18,32,23
24,31,25,23,27,2,1,7,0,1
26,33,29,26,29,26,33,14,33,20
8,0,10,5,6,16,6,16,5,16
7,3,12,3,13,3,13,0,4,6
23,32,31,32,29,23,27,33,15,32
1,17,1,0,11,0,10,4,6,16
22,32,8,0,8,32,18,33,30,32
0,4,0,21,0,7,1,17,0,10
20,32,30,1,2,0,3,7,3,13
31,25,24,27,23,27,2,28,33,18
29,33,29,26,29,26,33,27,23,27
16,5,6,5,6,16,6,5,10,0
4,6,5,0,2,28,2,9,33,32
27,33,20,32,8,0,3,12,3,12
19,33,14,33,14,32,22,32,31,25
26,29,26,29,32,18,33,31,32,29
20,33,26,33,30,32,31,25,31,25
11,0,2,27,23,25,24,27,23,27
12,0,19,0,12,0,7,2,3,13
30,33,9,33,22,33,27,2,3,13
13,33,29,23,29,23,33,30,32,22
32,8,32,14,33,9,2,32,15,32
24,25,23,27,2,32,23,27,2,3
5,6,4,10,5,16,6,0,3,0
23,33,32,14,32,33,32,33,29,23
22,33,32,2,9,33,18,32,33,30
6,5,0,3,1,21,0,10,4,10
25,31,0,17,1,3,13,1,30,32
9,2,7,0,1,2,9,33,13,3
17,1,13,2,7,2,32,23,25,24
33,18,33,18,32,30,33,9,2,8
0,3,1,17,1,19,1,13,33,23
2,32,29,23,25,24,31,25,24,27
16,6,4,6,16,5,0,17,0,4
3,1,17,1,17,0,13,33,31,25
28,31,32,15,33,32,8,32,31,32
8,2,32,18,32,8,2,0,21,0
1,7,2,27,33,28,2,13,2,13
29,26,33,23,29,26,29,33,22,33
21,0,5,16,6,0,10,0,5,10
15,32,29,32,18,32,31,25,24,25
4,0,2,9,33,30,33,22,33,29
19,0,4,6,16,6,0,31,28,33
27,24,25,24,27,23,32,23,33,29
10,4,10,4,10,0,4,0,5,10
18,32,22,32,18,33,26,33,32,31
31,32,29,23,32,14,32,15,33,29
7,3,2,8,33,19,33,9,33,29
14,33,29,23,32,20,32,18,33,15
28,33,8,33,23,33,27,23,25,24
12,0,10,4,10,0,17,1,13,0
18,33,23,25,23,27,23,27,33,9
10,0,19,0,8,33,29,32,15,33
30,1,2,0,8,0,11,0,5,10
20,32,22,32,30,32,23,32,29,26
14,33,19,1,13,2,13,2,1,17
13,33,20,33,23,29,32,23,27,24
29,23,29,23,32,14,32,33,22,32
19,33,32,18,33,18,33,14,33,29
6,5,0,19,0,3,1,19,1,19
16,5,6,16,6,5,10,0,21,1
15,32,33,31,33,29,23,33,18,33
1,30,33,26,29,32,15,32,20,32
4,10,4,10,4,6,5,0,4,10
23,32,29,33,28,31,25,31,24,27
2,27,2,1,19,33,26,29,23,25
7,1,7,2,0,31,0,4,0,3
25,24,27,2,0,31,28,31,24,25
3,2,32,18,32,33,15,32,14,33
17,1,19,1,0,5,16,6,5,10
9,33,31,33,28,2,13,33,29,32
21,0,7,2,28,2,13,0,19,1
8,33,27,33,29,26,33,13,0,10
32,18,32,31,24,25,31,25,24,31
11,0,31,24,25,24,31,32,22,32
26,33,32,31,24,27,23,33,22,33
27,24,25,24,31,32,22,32,15,33
5,10,4,0,10,4,10,0,31,28
0,13,1,2,9,2,9,2,3,13
22,33,23,29,26,29,26,29,33,32
33,15,33,28,2,8,33,13,0,17
24,25,31,24,31,25,31,0,12,0
31,33,9,2,1,30,1,7,3,12
16,5,16,5,16,5,16,5,6,16
9,2,0,2,3,1,7,3,2,9
32,2,27,2,32,15,33,28,2,9
18,32,18,32,20,33,29,32,30,33
6,5,10,5,0,6,0,13,1,13
12,3,7,2,27,23,33,18,33,31
0,1,2,1,21,0,4,0,5,0
30,1,30,33,13,33,30,32,15,33
4,6,4,10,4,6,0,6,5,16
27,33,13,33,14,33,14,32,18,33
28,2,27,24,27,33,9,33,30,1
5,6,4,0,1,3,13,2,7,2
24,25,31,32,20,32,30,1,0,6
1,17,1,21,0,12,0,4,0,13
10,5,10,4,0,31,33,29,26,33
17,1,13,1,3,0,8,2,0,12
21,0,5,0,17,0,13,1,7,3
14,33,26,29,26,29,23,25,23,32
26,29,26,33,26,29,33,28,2,13
15,33,28,33,30,1,21,0,10,0
20,33,15,32,33,23,33,13,2,1
13,3,7,3,12,0,13,3,2,1
33,8,32,14,32,29,23,33,20,33
19,33,19,1,30,33,23,27,23,29
31,28,33,8,33,22,33,18,32,2
25,31,0,10,5,6,5,10,0,4
3,7,0,3,12,0,12,3,7,2
7,0,19,1,13,33,22,33,9,33
29,32,29,23,29,23,33,14,33,19
11,0,5,16,5,0,6,5,16,5
2,1,0,11,0,2,13,33,20,32
8,33,20,33,8,0,13,33,20,32
22,32,29,23,25,24,25,24,31,33
23,25,24,31,32,15,32,8,33,27
6,0,11,0,3,12,3,2,28,33
8,2,3,13,33,9,33,31,33,15
13,3,0,17,1,30,32,18,33,29
20,33,27,33,14,32,30,1,2,28
9,2,7,0,13,3,13,2,1,21
11,0,8,0,8,2,13,2,7,2
29,32,30,32,31,24,31,24,27,24
16,6,5,10,5,0,6,16,6,5
1,19,33,26,29,23,32,8,0,19
25,24,25,23,25,31,28,2,28,31
28,31,32,29,23,29,33,8,32,20
24,31,32,30,33,13,33,18,32,33
4,10,4,6,0,3,2,28,33,8
7,0,3,0,7,1,2,0,17,1
32,22,33,32,31,24,31,32,23,33
21,0,1,17,0,5,0,19,0,2
33,19,1,3,13,1,0,17,0,3
27,2,0,21,1,13,0,11,0,17
2,7,0,1,17,0,31,25,31,0
0,10,4,0,31,24,27,23,29,23
18,33,31,0,11,0,4,0,3,2
26,29,26,29,33,30,1,7,1,3
3,0,1,3,13,0,6,4,10,0
14,33,15,33,26,33,15,32,29,33
19,0,6,0,5,16,5,16,5,10
15,33,26,29,33,9,33,13,33,20
22,32,22,32,20,32,18,33,22,32
17,1,7,2,9,2,0,5,6,4
5,16,6,0,11,0,10,0,11,0
10,4,6,5,10,4,0,4,10,0
30,1,21,0,10,4,10,4,6,0
31,28,33,9,2,7,2,13,1,30
23,25,31,0,10,0,1,30,1,0
12,3,1,7,1,3,12,0,11,0
11,0,2,13,1,30,32,23,25,31
0,3,0,19,1,0,4,0,19,0
16,6,5,10,0,10,0,21,0,10
14,33,13,2,13,1,0,3,1,0
9,33,27,2,7,1,7,0,19,33
32,30,32,31,32,29,23,33,19,0
19,0,7,1,0,4,0,6,4,0
21,0,11,0,21,1,30,1,30,1
24,31,0,10,0,2,8,0,12,3
27,24,27,33,20,32,23,32,29,33
15,33,9,33,13,3,0,6,16,6
12,3,1,2,9,33,15,32,2,0
31,0,2,8,32,2,27,2,1,21
30,33,13,1,30,32,15,32,15,32
25,23,33,32,30,32,29,23,29,32
26,33,13,33,27,33,22,33,22,33
3,2,3,1,3,0,6,0,7,0
23,33,26,33,22,32,22,32,33,31
10,5,16,5,0,19,0,11,0,10
18,33,13,0,11,0,4,0,12,0
6,5,16,5,0,12,3,12,3,13
13,1,0,8,0,8,32,18,32,18
20,32,31,24,31,24,31,24,31,33
22,33,8,0,1,13,1,2,32,2
1,17,1,13,3,13,0,7,1,2
2,28,31,28,31,32,20,33,30,1
29,26,29,23,27,2,28,33,8,33
17,0,12,3,2,9,2,1,2,8
33,22,32,14,33,22,33,30,32,29
7,3,12,3,12,0,3,1,19,33
28,2,8,0,1,0,31,24,31,0
8,33,22,33,18,32,30,33,28,31
5,16,5,16,6,5,0,3,13,33
4,0,19,33,20,33,18,33,29,32
11,0,4,10,5,10,5,10,0,3
18,32,23,25,24,27,24,31,24,31
33,20,32,20,32,30,1,3,13,2
23,29,32,2,9,33,27,23,27,2
14,32,8,32,31,24,25,24,27,33
26,29,33,19,33,8,33,9,2,13
31,24,31,0,2,27,33,15,33,32
22,32,29,32,8,2,7,1,7,0
8,33,26,29,23,25,31,32,31,33
19,33,28,33,13,0,21,1,30,1
6,5,0,2,1,7,1,3,2,3
10,5,16,5,16,6,4,6,4,10
29,23,33,32,23,29,26,33,18,33
9,33,29,32,2,1,17,0,6,4
21,0,31,24,27,2,7,3,12,3
27,23,29,23,32,23,25,31,24,31
2,28,31,28,33,13,3,0,5,16
13,33,23,29,23,32,29,23,29,32
24,25,31,28,31,32,2,27,23,25
32,20,33,30,32,14,32,20,32,2
20,33,32,29,33,31,0,5,6,5
16,5,10,5,6,5,10,0,6,4
0,2,32,14,33,30,1,2,1,13
4,10,4,6,16,6,16,6,16,5
28,33,31,33,29,32,23,32,23,33
3,13,3,13,1,13,2,32,29,23
17,1,19,0,13,0,6,16,5,16
5,10,4,10,5,16,6,16,6,4
1,21,1,7,3,2,1,17,0,8
15,33,18,33,30,32,22,33,30,1
30,1,13,2,7,0,4,10,4,6
12,0,13,0,8,0,12,3,12,3
25,31,25,24,25,24,25,24,27,24
7,1,13,2,1,3,13,3,2,13
12,0,2,7,0,13,33,30,1,7
32,29,32,20,33,15,32,14,32,18
17,0,2,28,2,13,33,8,2,7
5,16,6,5,10,0,3,12,3,13
13,2,27,24,31,28,33,19,1,21
10,4,10,5,0,21,1,30,33,22
15,33,22,32,14,32,22,33,20,32
31,33,28,33,31,0,2,1,13,1
20,32,8,2,1,2,27,2,8,33
14,33,27,33,32,22,32,18,33,22
33,9,33,18,33,18,33,13,3,7
9,33,14,33,18,32,15,32,22,33
30,1,19,1,13,3,2,8,0,17
27,24,25,31,0,31,24,25,31,33
29,23,33,27,24,25,24,25,24,27
2,28,31,28,2,3,7,0,7,0
0,3,1,30,33,31,32,30,1,19
8,33,8,32,20,33,29,32,23,27
4,10,0,21,1,0,4,6,4,0
19,0,12,3,12,3,1,7,1,13
25,31,0,11,0,31,33,18,33,30
1,2,32,22,32,15,33,27,24,27
18,32,8,0,5,10,4,10,0,7
24,31,0,8,32,18,32,33,32,20
21,0,21,1,3,12,3,7,1,2
16,6,5,6,0,5,0,12,3,1
6,5,0,3,7,3,2,0,11,0
23,29,26,33,15,32,31,25,24,25
7,2,1,2,3,0,5,10,5,10
3,2,7,2,27,24,31,32,22,32
28,2,27,24,31,24,27,23,32,29
22,32,2,9,2,7,1,3,12,3
11,0,5,6,16,6,5,10,4,10
26,29,23,25,24,25,23,33,30,33
24,31,24,31,24,31,28,33,22,32
31,33,31,24,27,33,31,25,31,25
7,1,7,0,1,19,1,21,1,2
17,0,12,3,7,1,2,8,2,28
21,1,19,0,10,0,3,2,3,1
0,7,1,2,28,31,24,27,24,27
8,33,9,2,9,33,8,0,5,10
22,32,2,9,2,27,33,13,3,12
23,33,29,26,33,26,29,26,29,33
11,0,1,7,3,1,3,13,3,0
2,0,2,0,8,0,5,0,12,3
20,32,31,32,23,25,24,25,23,27
9,2,1,7,1,0,1,7,3,1
3,12,3,7,0,5,10,4,10,4
19,1,7,0,21,1,2,7,2,27
28,33,32,22,32,31,28,33,14,33
26,33,18,32,20,33,31,32,33,20
13,3,0,21,0,4,10,5,16,5
25,24,25,23,32,14,33,32,2,9
1,30,32,22,32,33,27,2,3,2
33,20,32,33,20,33,19,33,29,26
12,0,1,3,7,0,19,0,2,13
27,2,8,33,8,0,31,0,8,33
10,0,13,2,13,3,7,2,1,0
30,32,29,32,2,32,15,33,18,32
6,5,10,0,21,1,17,0,5,16
29,33,9,2,0,1,17,0,21,1
4,6,4,6,4,10,4,0,2,0
5,6,4,0,8,32,2,27,23,25
14,33,19,0,8,33,23,32,30,1
16,5,10,5,0,6,16,6,0,19
32,14,32,30,32,29,26,33,20,33
15,33,14,32,18,32,15,32,18,33
18,32,22,32,8,33,23,32,14,32
6,4,10,0,1,2,9,33,18,33
23,32,23,29,32,23,25,24,27,33
24,27,23,25,23,33,29,26,29,33
19,0,3,0,5,16,5,16,5,6
33,15,33,9,33,13,3,12,0,6
4,10,4,0,12,0,8,32,31,28
7,3,0,3,2,1,13,2,1,19
13,33,13,1,0,12,3,0,4,0
30,1,19,1,19,33,19,1,2,0
18,33,26,33,22,33,18,32,29,26
26,29,33,22,32,30,1,19,1,17
12,3,12,0,17,1,7,3,2,9
17,1,21,0,19,0,12,3,1,0
11,0,13,33,27,2,28,33,19,33
31,33,23,27,2,32,2,3,12,0
3,13,0,8,33,8,2,13,0,12
8,0,11,0,17,0,17,0,21,1
9,33,19,0,10,5,16,5,6,4
16,5,16,6,5,0,8,2,8,0
10,4,6,0,19,0,21,1,19,0
32,23,29,26,33,26,29,33,18,32
28,33,29,26,29,32,8,33,13,2
27,24,25,23,25,31,32,18,33,29
22,32,31,32,2,8,33,14,33,22
1,21,0,10,0,11,0,7,0,31
5,16,6,0,21,1,21,0,31,25
21,0,1,3,7,3,2,0,10,0
29,26,33,14,33,30,33,27,33,18
20,33,13,3,7,0,13,0,19,1
14,33,13,33,8,33,8,2,9,2
25,31,25,23,33,29,23,27,24,27
15,32,2,1,2,32,23,27,2,9
0,6,0,8,0,31,28,31,25,31
2,8,33,30,33,22,32,23,33,27
1,19,33,8,33,20,33,20,33,9
23,33,32,30,33,28,31,25,23,33
7,2,13,1,17,1,30,33,22,33
3,13,33,13,1,19,0,3,12,3
2,0,7,3,7,0,4,10,5,16
21,1,7,2,28,31,0,13,1,21
17,1,19,1,7,1,17,1,19,0
0,3,0,19,0,1,13,2,3,13
27,2,27,33,8,2,8,33,30,32
24,25,31,24,27,33,14,32,33,26
12,3,12,0,17,1,21,0,1,0
20,33,23,33,30,32,22,33,20,33
14,33,18,32,31,28,33,13,33,13
8,2,8,0,11,0,31,33,8,33
29,33,14,33,22,32,14,33,28,33
25,23,32,8,2,9,2,32,8,32
33,32,8,0,17,1,13,3,2,13
16,5,6,5,10,4,10,0,12,3
30,32,30,33,19,0,8,0,10,0
32,20,33,22,32,18,32,8,2,32
26,33,20,32,30,32,8,33,23,32
22,32,8,32,22,33,8,32,18,33
28,2,27,23,32,8,33,30,1,21
9,33,29,26,33,18,33,30,32,15
11,0,12,3,0,11,0,12,0,10
13,2,13,0,13,3,2,9,33,27
5,0,3,0,11,0,10,4,0,12
19,0,17,1,13,2,13,2,7,3
31,28,33,9,2,7,2,1,0,13
10,0,3,2,7,2,1,17,0,19
4,0,8,33,28,31,25,23,27,24
15,32,2,32,20,32,20,33,9,2
6,0,6,4,10,0,2,28,2,32
18,33,23,27,23,25,31,33,20,32
13,1,0,21,0,5,6,0,2,13
24,31,0,8,33,20,33,28,31,24
20,33,26,33,27,33,13,1,0,7
11,0,19,1,2,8,33,31,28,31
4,0,13,33,30,1,30,1,2,7
30,32,14,32,8,0,12,0,21,1
1,2,9,33,32,33,15,32,18,33
2,13,3,12,3,1,0,8,0,17
25,23,32,30,32,8,2,9,33,19
10,0,4,10,4,0,6,4,10,0
0,31,33,18,32,23,27,33,15,33
27,24,31,25,31,32,29,32,14,32
22,32,31,32,14,32,23,33,20,32
19,33,28,31,33,26,33,31,33,22
3,13,1,2,27,2,8,2,32,22
7,2,1,19,0,21,0,17,0,5
12,3,1,21,1,2,3,7,2,0
17,0,12,0,10,0,7,3,1,13
8,2,9,2,13,33,26,33,32,30
29,32,29,26,33,8,0,8,0,3
6,16,5,16,5,0,4,6,16,6
28,2,8,2,13,3,13,0,8,0
32,8,2,8,33,32,33,22,33,31
18,33,14,33,19,1,0,7,0,11
21,1,13,0,7,0,4,6,4,0
26,29,32,20,33,26,29,32,2,0
23,27,2,3,7,1,13,1,7,2
14,33,8,2,28,33,18,33,31,28
5,6,5,6,4,0,5,0,5,10
15,33,18,33,29,33,18,33,8,0
16,5,10,5,6,4,6,16,6,0
9,2,8,33,31,24,31,0,11,0
31,32,20,32,20,33,23,25,31,32
33,20,33,19,0,1,17,0,7,3
29,26,33,26,29,26,33,26,29,32
16,5,0,31,25,24,31,33,29,26
10,4,0,11,0,19,33,22,32,20
25,31,0,7,3,0,8,33,18,33
24,31,25,31,0,11,0,4,10,5
0,2,3,2,1,7,0,4,0,21
14,32,30,32,8,32,23,25,31,24
23,27,23,32,30,33,9,2,0,19
20,32,14,32,2,13,3,1,0,13
6,0,17,1,13,1,30,33,22,33
31,0,2,28,31,0,12,3,0,5
18,33,14,33,19,0,8,0,31,25
19,1,13,0,13,2,7,1,19,1
32,29,32,22,32,29,23,32,14,33
7,2,8,0,3,0,21,1,21,1
21,1,17,0,13,0,10,4,10,0
15,33,8,2,8,32,14,32,18,33
4,0,13,0,11,0,7,1,21,0
1,0,2,9,33,31,0,8,0,1
11,0,10,4,6,4,6,16,5,10
8,0,6,16,5,10,4,10,4,0
28,2,27,23,33,13,33,27,2,13
27,24,25,31,32,33,14,33,14,32
9,33,19,33,28,2,0,13,2,0
33,18,33,22,33,31,33,30,1,0
26,33,23,29,23,32,23,25,31,32
22,33,30,1,2,0,2,28,2,32
30,33,19,33,23,32,8,2,1,0
17,0,5,10,0,6,0,11,0,5
3,12,3,7,2,32,23,29,26,33
13,0,8,32,14,32,15,33,13,2
12,3,13,1,19,0,11,0,13,0
5,6,4,10,0,1,17,0,11,0
2,32,31,0,8,2,0,6,0,1
32,14,33,19,0,7,2,8,0,6
26,29,26,33,13,1,7,3,1,2
22,32,33,23,29,33,22,32,22,33
9,2,13,1,0,7,1,7,0,8
12,0,13,2,8,33,28,33,8,32
21,0,13,2,13,3,1,17,1,30
20,33,32,2,28,33,27,33,22,33
15,32,18,33,30,32,31,28,2,0
8,0,3,1,7,3,7,3,13,1
23,27,23,25,23,29,33,32,23,32
28,33,13,0,11,0,21,0,21,1
19,0,31,0,11,0,12,3,12,0
1,7,3,12,3,2,3,7,2,27
14,32,30,1,2,7,2,28,33,18
3,13,2,27,24,25,23,32,30,1
18,32,14,33,9,33,29,32,31,25
17,1,30,32,2,7,0,17,0,4
10,5,10,5,16,6,0,21,0,31
25,23,29,26,33,26,33,8,2,0
11,0,8,32,20,33,8,2,32,8
4,10,4,10,0,31,24,27,2,0
2,7,1,17,1,30,33,14,33,19
7,3,13,0,12,3,1,17,1,21
5,10,4,0,17,1,19,33,23,25
30,32,22,33,20,33,8,32,20,33
6,4,10,5,6,5,0,17,1,17
31,0,10,4,0,31,0,4,0,5
13,0,1,7,0,6,0,7,2,8
24,27,23,33,19,33,23,33,8,33
0,19,0,4,10,5,0,3,1,19
29,33,19,1,0,3,0,17,0,8
27,2,27,2,32,30,32,23,25,31
16,5,10,0,17,1,13,2,1,17
33,26,29,26,33,22,33,15,32,22
18,33,9,33,29,33,19,33,31,28
28,2,7,1,13,0,19,0,3,13
32,23,33,30,33,22,32,31,32,31
3,1,13,0,6,5,16,5,16,6
17,0,1,7,0,11,0,11,0,13
7,0,5,16,6,4,0,8,32,31
19,1,19,0,19,1,21,0,3,1
30,1,0,6,16,6,16,6,16,6
10,4,0,17,1,0,19,33,27,33
31,25,31,0,21,0,10,4,6,0
13,2,0,17,0,21,1,19,1,30
21,1,0,10,4,0,11,0,21,0
22,33,23,33,26,33,23,27,2,27
27,24,25,31,33,31,28,33,30,32
20,32,15,32,29,33,14,32,22,33
33,27,24,25,24,31,28,33,14,33
11,0,7,1,0,17,1,0,31,28
26,33,23,32,23,32,20,33,27,24
14,32,33,32,18,33,32,2,28,2
9,2,1,7,1,3,1,30,33,15
23,27,2,8,2,3,13,0,8,33
4,10,0,2,32,15,33,30,32,31
24,27,2,28,33,18,33,15,32,33
29,23,25,31,33,29,26,33,18,33
15,32,2,3,12,0,21,0,4,0
12,3,0,1,21,1,17,1,2,0
5,6,0,31,25,23,32,29,33,15
8,2,0,21,1,13,33,31,32,23
0,1,2,13,2,28,2,0,5,0
25,31,28,33,20,33,29,33,27,23
16,5,10,4,0,17,1,19,1,7
6,4,0,8,32,15,33,18,33,29
2,1,21,1,0,17,0,12,0,31
1,0,10,5,0,21,1,17,1,2
31,33,18,33,23,32,18,33,19,1
32,31,25,23,29,33,20,32,31,25
7,3,12,3,0,11,0,10,5,16
14,33,30,1,19,1,0,21,0,7
30,1,13,1,7,3,12,3,1,17
10,5,10,5,16,5,6,0,7,2
22,33,20,33,20,33,9,33,28,31
3,0,13,1,13,2,27,33,9,2
5,16,6,4,0,7,2,28,33,22
24,31,24,27,2,3,1,21,1,13
16,5,10,0,6,0,13,0,11,0
26,33,23,27,23,32,15,33,22,33
1,7,0,11,0,6,0,2,28,33
2,28,2,27,24,31,28,31,24,27
21,0,2,7,2,3,12,3,1,0
33,8,0,4,6,5,6,5,6,5
12,3,12,3,13,2,3,2,32,18
29,32,30,33,32,14,33,20,32,29
25,31,24,27,24,31,28,2,0,10
15,32,20,32,15,33,29,26,29,26
20,33,23,25,23,27,33,15,32,33
27,24,25,24,27,24,27,33,30,33
9,33,26,33,26,33,22,32,33,20
28,31,24,25,24,27,2,7,3,13
19,1,13,0,21,1,17,0,7,3
11,0,7,3,0,2,3,13,3,2
0,31,32,22,33,23,32,29,33,31
23,32,30,33,13,1,21,1,30,33
13,1,7,3,1,17,1,3,13,33
8,33,26,33,27,2,32,29,32,33
17,1,7,3,7,3,0,10,0,2
18,32,33,26,29,26,29,26,33,30
6,5,6,0,3,2,7,1,17,0
4,6,16,6,4,10,4,10,5,16
1,3,7,3,1,21,0,13,3,2
28,33,29,26,29,33,13,3,12,0
5,10,5,10,0,10,5,16,5,6
4,10,5,16,5,16,5,16,6,0
9,2,7,1,30,1,3,1,7,1
30,33,28,2,32,22,32,33,26,29
6,16,6,4,0,7,1,21,1,3
27,2,3,2,3,0,3,0,3,12
32,14,32,2,9,33,30,33,22,33
33,22,33,23,27,33,26,29,26,33
17,0,1,17,1,13,3,1,13,33
22,33,30,33,29,23,29,32,15,33
7,2,27,2,32,23,25,24,31,0
19,1,13,3,12,3,13,2,13,3
11,0,1,30,1,13,2,32,14,33
3,2,9,33,27,23,27,23,27,23
14,33,18,32,30,33,8,0,4,0
13,0,13,3,12,0,2,27,23,33
15,33,8,2,1,0,2,7,0,19
16,6,16,6,16,6,4,10,0,8
0,7,2,13,1,0,8,0,6,0
12,0,10,4,6,4,6,16,6,5
25,24,31,25,23,29,23,27,2,8
23,27,23,32,22,32,31,24,25,24
24,31,28,33,20,32,31,33,18,33
26,29,26,33,32,22,32,18,32,14
21,0,21,1,30,33,8,32,31,25
18,33,15,32,15,32,15,33,9,33
10,0,13,1,30,1,7,2,27,24
29,26,33,26,33,27,33,13,3,12
31,24,25,23,25,31,32,14,33,23
20,32,33,29,32,14,32,29,23,25
2,1,3,1,3,0,8,0,21,0
8,0,21,0,31,32,2,28,33,14
10,5,0,6,16,6,16,5,6,0
21,1,19,1,3,1,21,1,2,13
29,26,33,13,33,15,33,19,1,7
5,6,5,10,4,6,16,5,16,6
22,32,22,32,18,33,26,33,31,28
0,31,33,18,33,28,33,15,32,18
20,33,29,33,32,20,32,18,32,22
30,32,2,13,0,8,32,15,32,18
8,33,32,29,33,13,0,17,1,0
31,33,22,33,18,33,26,29,33,15
32,31,28,31,0,19,33,29,23,32
17,1,0,5,0,31,25,24,31,25
28,33,9,2,1,3,7,3,13,0
2,28,31,0,13,3,7,3,2,13
15,32,30,32,20,32,33,26,33,27
9,33,8,33,29,33,22,32,20,32
11,0,1,7,1,13,3,0,3,1
18,33,23,29,32,30,1,21,0,10
25,23,25,23,33,14,33,19,33,13
23,33,22,33,13,0,21,0,12,0
7,1,3,12,3,12,3,7,1,3
1,3,7,0,17,1,13,2,28,31
13,3,2,27,23,32,29,33,13,3
27,23,33,23,32,30,1,21,1,13
6,5,0,11,0,12,0,7,3,7
14,33,14,32,20,33,23,32,15,32
4,6,0,11,0,10,5,6,5,6
16,6,16,5,0,10,0,12,0,4
24,25,23,27,33,29,26,33,30,1
33,14,32,14,32,29,26,29,23,33
12,3,2,28,31,28,33,18,33,27
19,0,12,0,21,1,0,2,7,0
26,29,23,27,2,8,2,9,2,8
3,2,9,33,29,26,33,18,33,31
3,12,0,2,28,31,0,2,13,2
4,10,0,21,1,21,0,11,0,17
12,0,1,7,0,21,0,5,10,5
33,22,32,23,27,24,25,23,25,31
17,0,8,2,0,5,0,10,4,0
18,32,23,25,23,29,23,32,29,32
14,32,15,32,20,33,13,1,21,0
21,1,30,1,19,1,19,33,28,33
25,23,33,20,32,29,33,31,24,31
16,6,4,6,0,4,10,4,0,19
2,32,30,1,19,33,19,33,13,3
22,33,23,33,29,23,29,26,33,28
20,33,9,33,32,8,2,7,2,7
1,0,19,0,8,32,29,26,29,23
24,27,2,27,24,27,2,9,33,27
15,32,22,32,20,32,2,27,24,27
9,2,3,7,2,27,23,32,33,31
7,1,0,3,2,7,0,6,5,6
30,1,13,3,13,1,19,1,7,3
10,4,10,5,10,4,10,5,6,5
26,29,32,15,33,14,33,18,33,31
27,2,0,4,0,19,33,27,33,32
11,0,3,7,1,17,1,13,1,19
0,8,33,9,2,0,31,25,31,32
6,16,6,5,0,8,33,28,31,32
19,33,9,2,13,33,27,23,25,24
23,33,31,0,21,0,6,16,6,4
32,8,32,31,24,27,24,27,33,9
8,32,22,32,15,33,32,31,28,33
13,33,13,33,23,27,33,27,2,9
31,33,29,32,30,1,21,1,30,33
28,31,25,24,27,24,31,0,13,0
29,33,32,31,28,2,3,13,3,2
5,16,6,5,6,5,0,3,2,13
32,23,29,23,25,23,29,23,32,33
26,29,33,15,32,33,19,33,31,0
23,32,30,33,20,32,30,32,20,33
33,23,33,13,1,0,8,32,22,33
10,4,0,17,1,0,12,3,12,0
20,33,23,33,19,1,13,1,2,0
22,33,27,33,13,1,13,2,8,0
0,5,10,0,19,1,0,12,3,7
12,3,7,1,19,0,1,19,1,13
14,32,14,32,22,32,29,32,22,33
15,32,15,32,15,32,15,32,23,29
24,31,24,25,31,24,27,24,31,0
21,1,30,32,29,23,32,14,32,20
27,23,29,23,33,31,28,33,26,29
3,12,3,7,0,6,0,19,0,7
6,4,6,16,6,16,6,16,6,16
11,0,12,0,12,3,7,2,1,3
5,6,0,21,0,12,0,7,0,12
31,24,25,24,31,28,31,25,31,24
7,0,6,4,0,21,0,6,16,6
9,2,0,7,0,13,0,10,4,10
18,33,18,33,9,33,13,33,13,2
30,33,28,31,25,24,31,28,2,3
19,0,31,28,33,31,28,33,29,33
16,6,0,19,0,6,5,6,4,10
8,32,31,24,31,33,30,33,15,32
28,33,19,1,0,11,0,21,1,19
1,3,0,11,0,1,21,0,31,32
25,24,25,23,32,31,28,31,28,2
4,10,4,0,12,0,4,10,4,0
13,0,1,2,7,0,19,0,13,3
2,32,22,32,20,32,18,32,22,32
29,33,8,32,31,0,21,1,30,1
17,1,17,0,31,32,29,23,33,13
32,15,33,28,31,28,33,9,33,23
18,32,29,32,23,29,32,20,32,23
5,10,0,13,2,28,2,9,33,26
29,23,32,30,32,29,32,29,32,14
11,0,13,0,21,0,3,12,3,13
19,0,4,0,12,0,13,2,8,2
12,0,5,10,0,7,1,0,3,1
23,25,31,32,14,32,33,13,2,7
13,2,0,5,10,5,0,31,0,21
26,33,18,32,15,32,29,23,33,15
7,1,0,31,24,25,23,29,26,29
10,5,0,11,0,4,6,16,6,16
31,32,15,33,29,23,32,2,0,2
25,23,25,31,25,23,25,31,25,23
6,4,6,0,1,17,0,11,0,3
33,20,32,22,32,22,32,2,7,1
22,33,28,31,0,31,33,19,0,1
1,7,2,28,33,15,33,31,28,33
16,5,0,31,24,27,23,27,2,27
15,33,32,2,32,18,33,27,2,9
24,27,24,31,32,18,33,27,2,32
0,5,10,0,8,32,18,33,23,29
30,33,15,33,29,26,29,32,33,27
27,33,9,2,27,2,7,3,1,3
9,33,13,1,0,8,2,13,0,12
14,32,15,32,33,19,1,7,3,1
3,2,13,3,13,2,8,2,7,0
4,0,6,5,10,4,0,31,32,2
2,28,31,33,27,2,8,0,13,1
20,33,8,2,28,33,13,2,8,32
8,2,0,31,24,25,31,25,23,29
28,2,27,2,7,0,8,2,7,0
21,1,17,1,7,3,0,19,0,6
17,0,11,0,17,1,3,7,2,28
5,0,31,33,29,32,15,33,20,33
28,31,28,33,27,33,30,33,14,32
2,27,23,33,9,2,0,4,10,5
27,23,29,26,29,26,33,31,0,11
8,33,26,29,23,27,33,19,0,6
31,33,18,32,22,33,29,23,27,23
18,33,15,32,30,1,17,1,2,3
7,3,2,32,15,33,22,32,15,32
6,5,0,11,0,8,32,15,32,30
13,1,3,7,2,7,1,30,32,8
22,32,30,33,20,33,27,24,27,33
11,0,13,33,18,33,32,18,33,32
17,1,3,0,3,1,7,3,2,28
9,33,22,32,20,33,22,32,30,32
25,23,27,23,25,24,31,33,29,23
29,23,29,32,22,32,22,32,20,33
20,32,14,32,18,33,13,0,2,28
32,8,33,15,32,30,33,22,32,29
30,32,18,32,14,32,20,32,8,2
10,4,6,0,11,0,13,33,30,33
0,12,0,1,21,0,2,3,2,0
24,31,24,27,2,9,2,32,14,32
4,10,0,11,0,7,1,0,17,1
23,33,23,32,18,33,29,32,23,33
3,1,17,0,13,0,13,33,13,33
1,2,13,1,17,1,21,0,12,0
33,22,33,9,33,29,26,29,23,27
14,32,15,33,23,27,2,8,32,29
19,33,13,3,7,1,7,3,12,3
26,29,32,15,32,14,33,13,33,23
16,6,0,17,0,8,2,8,33,9
21,1,19,1,30,32,31,33,20,33
12,0,8,0,21,0,2,3,12,0
15,33,32,33,13,1,17,0,19,1
17,0,3,0,17,0,17,1,13,3
2,32,15,33,19,1,13,0,6,4
12,0,19,1,30,33,14,32,20,33
15,32,31,28,2,9,2,8,0,5
27,2,13,0,11,0,13,2,7,1
7,1,3,2,27,33,19,33,32,15
20,33,19,33,13,3,1,21,1,17
22,33,13,1,17,1,0,11,0,21
14,32,15,33,27,33,8,33,32,8
23,32,20,33,31,32,2,7,0,2
5,16,6,4,6,4,10,0,12,0
4,6,5,16,6,4,6,16,6,4
29,33,18,33,22,33,22,32,33,31
30,33,31,28,31,25,24,31,25,31
32,33,29,33,13,1,17,1,30,1
33,26,33,22,32,15,33,29,32,15
11,0,3,7,2,28,2,13,1,19
19,33,27,24,31,24,27,23,29,33
6,5,6,5,6,4,6,0,21,1
8,33,23,25,31,28,31,33,26,29
26,33,23,29,32,14,32,20,33,19
0,11,0,13,0,5,10,0,21,1
3,12,3,1,13,1,19,1,19,1
21,1,3,7,2,0,19,0,21,1
10,4,6,4,6,16,5,6,4,6
24,25,31,28,33,8,32,23,27,23
13,3,0,17,1,19,0,7,2,27
25,24,31,25,24,25,23,33,15,33
31,0,31,0,10,5,10,4,6,16
18,33,19,1,3,1,2,0,19,1
28,33,29,33,26,33,18,32,2,0
9,33,9,2,28,2,1,2,13,1
1,30,32,8,2,7,0,13,0,6
16,6,0,3,7,1,3,7,2,0
3,1,7,3,2,7,1,19,33,15
4,0,5,16,5,0,13,33,28,2
18,32,30,1,30,1,19,33,18,33
33,32,14,32,18,32,23,33,20,32
28,31,28,2,9,2,7,1,2,27
12,3,0,8,32,29,32,23,32,20
2,7,3,1,19,0,11,0,3,12
26,29,23,32,2,9,2,32,29,26
7,0,17,1,2,32,2,7,0,6
1,0,19,1,13,33,19,0,21,0
6,16,6,5,6,4,6,16,5,0
10,5,6,4,0,3,7,2,0,11
24,31,0,6,0,17,0,12,3,2
11,0,3,12,3,0,6,0,7,1
21,0,19,33,32,23,25,31,25,31
19,1,7,2,9,33,32,23,25,23
8,32,33,9,2,7,2,27,23,33
32,14,33,26,29,33,32,31,24,31
16,6,0,21,0,5,6,5,10,0
22,32,29,32,22,33,18,32,20,33
15,32,23,27,24,27,33,30,32,31
23,32,20,33,19,1,0,4,0,3
17,0,4,0,8,32,15,32,29,33
13,1,3,2,1,21,1,21,0,8
25,23,27,33,18,33,23,32,15,32
14,33,28,33,31,24,31,0,21,0
29,33,29,26,29,23,29,33,19,1
27,24,31,24,27,23,33,14,32,31
5,0,2,3,0,13,0,13,1,13
20,32,8,0,4,6,5,0,31,28
0,4,0,12,3,13,1,7,3,12
30,32,2,9,2,27,24,31,28,33
31,28,33,28,31,0,6,16,6,4
9,2,7,1,30,33,19,33,32,8
23,32,14,33,23,29,32,31,25,31
27,2,13,33,27,23,32,2,27,23
4,0,21,0,3,7,1,7,2,1
1,3,7,0,2,7,3,1,17,1
19,33,14,33,9,2,9,33,31,24
15,32,30,1,0,19,0,31,24,27
14,32,23,33,19,0,10,5,0,7
13,2,27,33,15,33,8,0,1,30
11,0,17,1,19,0,6,5,0,7
10,0,21,1,13,3,2,32,23,32
25,31,0,5,16,5,6,16,5,10
16,5,16,5,6,5,10,0,17,0
2,9,2,3,1,30,32,2,7,0
32,30,33,8,0,4,6,4,0,11
21,1,13,1,0,7,2,1,17,1
30,1,0,13,1,0,1,17,0,10
8,33,18,32,8,0,8,32,8,32
3,12,3,0,2,13,33,14,32,23
24,27,33,14,32,2,32,22,32,23
12,3,1,2,0,17,0,21,1,19
17,1,7,2,8,2,28,31,24,27
22,32,31,0,4,6,4,10,5,16
28,33,9,2,27,23,32,20,32,14
26,33,28,33,19,33,30,33,15,32
18,32,22,32,20,32,2,27,2,13
7,3,0,5,10,0,19,1,19,0
33,31,33,27,33,20,33,13,33,9
0,19,1,13,0,19,1,13,1,7
20,32,20,32,18,32,8,32,20,33
9,33,20,32,14,33,23,25,24,31
31,32,8,33,22,32,15,33,19,0
29,26,29,23,27,24,27,2,3,1
5,6,4,6,5,6,5,10,5,0
6,0,13,1,17,0,2,7,0,2
28,31,0,1,7,2,13,3,12,3
32,14,32,31,25,31,25,31,28,33
7,1,21,1,2,1,30,32,20,33
12,0,13,0,19,0,5,16,6,4
20,33,19,1,0,10,5,6,16,5
16,6,5,0,21,1,30,33,32,33
0,8,2,28,2,8,2,9,33,28
19,1,0,8,2,9,2,27,24,25
6,4,0,4,6,16,5,6,16,5
18,33,22,32,23,25,24,31,33,19
14,32,29,33,22,32,23,29,32,33
33,32,20,32,8,2,13,33,30,1
30,33,9,33,18,33,26,29,33,19
27,23,27,2,0,19,1,0,2,27
25,31,28,33,28,2,3,2,0,8
17,1,17,0,21,1,7,1,2,8
10,5,16,5,0,19,33,29,26,33
15,32,30,1,21,1,0,6,4,10
5,10,5,16,6,16,5,16,6,4
8,0,4,6,16,5,0,21,1,0
3,1,0,6,0,12,0,13,3,12
29,33,8,33,32,33,9,2,9,2
4,0,10,4,6,5,0,13,2,7
9,33,27,23,25,23,33,23,25,31
31,32,18,32,29,32,31,28,31,33
26,29,32,15,32,20,32,29,23,32
2,7,1,17,1,17,1,21,0,5
22,33,28,2,28,2,3,2,27,24
13,0,8,32,8,32,22,33,13,0
21,1,7,1,30,33,22,32,30,1
24,25,24,27,33,30,1,21,1,0
23,33,20,33,28,2,28,31,0,21
1,0,2,32,23,33,15,33,22,33
11,0,17,0,31,33,14,33,20,32
14,32,29,32,14,32,15,32,20,32
25,23,27,33,28,2,3,13,0,8
29,23,33,31,25,23,29,23,27,33
5,0,1,17,0,4,6,16,6,16
21,1,30,33,29,26,29,23,33,15
20,33,29,26,29,26,29,32,30,1
6,5,6,5,0,2,3,0,2,32
2,9,2,13,1,13,2,7,0,4
18,32,31,32,31,0,4,10,4,10
13,0,19,33,27,24,31,24,31,33
9,33,23,25,23,27,2,0,4,0
3,1,2,32,8,33,23,27,24,25
4,6,0,6,0,2,28,2,27,23
7,2,1,7,2,0,12,0,17,1
11,0,13,33,8,0,12,0,12,0
19,1,30,32,31,33,14,33,29,26
1,7,3,12,0,31,28,31,0,19
32,23,29,33,15,32,31,0,10,4
30,32,29,23,33,30,1,21,1,19
12,3,12,3,12,3,1,3,0,19
24,27,33,26,29,26,33,15,33,30
27,23,25,24,25,23,32,14,32,15
33,31,28,33,28,2,7,3,1,21
16,5,0,8,32,18,33,9,33,18
15,32,29,33,13,0,7,3,1,21
0,4,6,0,31,28,2,28,33,27
26,29,23,32,33,20,32,20,33,23
22,32,31,24,25,31,24,25,31,32
28,31,32,23,27,24,31,33,22,33
17,1,7,3,1,19,1,30,33,9
8,2,28,31,0,6,4,6,16,5
23,33,8,33,13,1,19,33,20,32
31,0,5,16,5,10,5,0,19,1
10,4,10,5,0,10,4,6,16,6
20,32,23,32,2,3,1,2,28,31
15,33,15,33,30,33,8,33,32,14
8,2,32,20,33,31,25,23,32,30
27,24,25,24,31,28,2,13,2,9
24,31,32,20,33,30,1,19,0,10
14,33,31,0,5,0,13,3,1,21
0,5,10,4,10,0,4,6,16,5
9,33,13,1,7,0,5,0,4,10
22,32,33,29,33,28,2,32,31,24
32,31,0,8,2,0,17,1,3,7
30,32,18,32,23,27,2,32,20,33
25,23,33,20,32,22,32,14,33,20
18,33,19,33,13,2,3,12,3,7
2,28,2,28,33,23,33,9,33,27
3,2,27,2,28,2,0,21,1,17
28,2,7,3,12,3,1,30,32,15
29,26,33,26,29,23,29,23,33,26
19,33,27,24,25,23,27,24,27,24
11,0,31,28,33,8,2,32,30,32
17,0,13,1,2,13,3,1,17,1
31,32,8,32,33,30,33,26,33,8
33,32,23,27,24,27,33,20,32,31
16,5,10,4,6,4,10,5,6,0
23,32,31,32,33,30,32,18,32,15
1,17,1,0,12,0,31,33,31,25
7,2,32,20,33,27,23,32,20,33
5,0,13,3,1,7,2,0,6,16
4,6,5,16,5,0,4,0,11,0
10,4,0,21,0,12,3,12,0,11
12,0,5,10,4,6,5,6,4,10
13,3,7,0,3,12,3,1,21,1
26,29,26,33,14,33,23,25,23,25
6,0,21,0,21,0,4,0,1,2
21,0,1,7,1,17,1,17,0,31
32,15,33,20,32,14,32,20,32,15
15,32,22,33,9,33,18,33,27,23
11,0,8,32,14,32,30,32,18,33
29,26,33,13,3,0,6,5,10,4
9,33,14,32,30,33,9,2,7,1
4,6,16,5,16,6,5,0,3,13
27,2,0,12,3,12,0,10,0,6
5,0,10,5,6,4,10,0,13,3
23,25,23,25,31,33,29,33,13,0
31,24,27,23,25,31,33,30,1,3
25,31,32,8,32,18,32,8,32,22
24,27,24,25,24,31,24,25,23,32
10,5,0,10,5,0,21,1,7,2
21,0,3,1,3,7,1,30,33,15
2,0,13,2,1,13,0,3,1,7
17,0,21,0,17,1,19,0,3,0
12,0,7,3,1,2,1,7,3,13
33,22,32,20,33,19,1,17,1,30
8,33,15,33,15,32,29,23,33,29
19,33,20,33,20,32,31,24,27,24
18,32,14,32,2,1,21,1,19,33
13,2,28,31,32,2,32,30,33,15
6,0,12,0,17,1,0,1,2,3
7,0,8,32,20,32,18,33,30,1
14,32,30,1,13,2,0,8,0,1
22,33,30,1,19,0,6,16,6,5
3,13,2,32,15,33,8,2,28,31
20,33,22,32,18,32,2,0,19,1
0,2,9,33,15,33,27,23,27,2
30,33,19,1,21,0,2,7,2,1
16,6,16,6,4,10,0,4,0,2
1,30,1,0,17,1,7,0,31,33
28,2,8,0,17,1,3,7,0,10
26,33,18,32,33,14,33,14,32,18
18,32,8,0,1,13,1,7,0,13
21,0,13,2,9,33,14,32,23,27
6,16,6,5,10,4,10,5,16,5
10,5,6,16,5,0,19,0,12,0
32,8,33,18,33,19,1,21,0,12
26,33,22,32,22,32,22,33,19,0
28,2,0,8,0,11,0,21,1,13
33,15,33,13,3,7,3,12,3,13
1,13,1,21,0,13,2,27,33,8
9,2,0,10,5,0,2,32,20,32
27,33,28,2,1,7,3,13,2,27
12,3,7,3,13,3,2,8,33,14
22,32,30,32,15,33,22,33,29,32
5,0,13,0,11,0,7,0,13,33
13,2,3,7,3,0,2,13,3,12
8,33,22,32,30,32,18,33,27,24
30,1,0,2,13,1,7,3,7,0
7,0,19,1,19,1,19,33,18,33
16,6,16,5,6,5,0,10,4,6
14,33,30,1,30,33,29,32,22,32
11,0,11,0,10,5,6,0,19,33
4,10,5,0,21,1,2,1,7,1
31,0,2,3,0,21,0,8,33,30
15,32,30,1,0,12,3,1,17,1
0,21,0,17,0,1,2,8,33,14
25,31,28,2,28,31,24,27,24,31
17,1,0,2,8,32,29,26,29,26
23,25,23,29,26,33,26,33,32,31
3,13,1,7,2,28,2,9,33,31
2,1,0,3,2,0,2,1,7,1
29,32,15,33,29,32,29,26,29,23
19,0,10,0,3,12,0,17,0,17
24,25,31,28,33,20,32,23,29,23
20,33,8,32,31,28,2,32,23,32
32,20,33,13,3,12,3,7,0,7
7,0,13,2,0,8,2,3,2,0
6,16,6,0,17,0,2,9,2,28
23,32,33,20,33,22,33,30,1,21
31,33,15,33,31,24,27,24,25,24
16,6,16,5,16,5,16,6,5,0
0,7,3,2,8,2,3,2,0,3
14,32,14,32,30,32,15,32,14,33
2,1,19,0,19,33,19,33,31,0
25,23,29,33,32,29,23,27,23,32
18,33,20,32,29,32,8,33,20,32
20,33,31,25,24,31,24,27,24,27
1,3,12,0,10,4,6,16,5,0
5,6,5,6,0,10,5,6,0,21
19,1,19,1,13,33,20,33,26,29
21,0,3,2,1,17,0,10,0,13
13,0,2,3,0,19,1,0,12,3
17,1,13,1,2,7,2,8,2,3
24,27,23,25,24,27,33,30,1,17
15,32,14,33,30,33,20,32,31,24
28,31,25,23,25,24,31,32,30,1
22,32,2,28,2,32,29,33,19,1
30,32,33,32,18,32,31,25,23,27
27,2,3,13,2,7,3,13,1,17
29,23,25,31,28,31,0,13,1,2
3,1,19,0,21,1,7,2,27,2
9,33,26,33,31,28,31,28,2,1
8,2,3,7,1,0,10,5,10,0
4,10,4,0,6,5,16,5,6,4
12,0,21,1,30,33,32,22,33,15
10,4,0,11,0,21,0,19,33,14
26,33,18,32,31,32,18,32,31,33
11,0,3,12,3,0,11,0,10,0
33,28,31,25,24,27,2,13,2,0
3,1,13,1,0,19,1,7,1,30
17,1,3,13,3,2,7,0,5,6
5,10,0,1,3,13,1,19,33,9
13,33,26,29,33,18,33,14,33,32
33,15,33,31,24,31,33,15,33,8
14,32,33,27,33,18,32,29,23,32
0,6,16,6,4,0,17,1,0,10
12,0,4,6,4,10,5,10,0,8
22,32,23,29,23,33,20,33,14,33
16,6,5,6,0,4,0,3,7,1
23,27,24,25,24,25,23,29,32,29
27,2,32,22,32,33,8,2,13,2
28,2,27,33,8,33,14,33,13,3
26,33,28,2,1,2,13,1,0,31
8,2,1,7,0,3,12,3,0,8
1,13,2,0,5,0,4,10,0,2
31,24,27,2,9,2,9,33,26,33
25,23,33,20,33,18,33,32,29,33
30,1,7,2,1,19,33,27,24,31
2,1,13,1,13,0,21,1,3,1
21,0,13,33,8,2,27,33,32,23
32,18,32,15,33,32,22,33,20,33
29,32,22,32,23,27,33,22,32,33
24,31,24,31,28,2,3,1,13,0
9,2,32,31,33,27,23,27,33,26
20,32,20,33,18,32,8,33,13,33
15,33,22,32,2,28,31,32,23,25
19,33,9,2,0,17,1,3,13,3
18,32,15,32,23,33,14,32,20,32
4,0,31,25,23,27,33,14,33,9
11,0,13,0,1,3,12,0,13,0
10,5,6,5,6,16,5,16,6,0
6,16,6,0,19,0,7,0,5,16
7,2,28,31,25,24,27,33,28,2
21,0,1,30,33,23,25,23,32,15
5,10,4,6,5,6,16,5,16,5
7,2,32,29,23,32,22,33,32,33
19,1,17,0,17,0,8,33,15,32
14,33,14,32,20,32,29,26,29,23
25,24,27,33,19,0,12,3,1,0
11,0,5,0,10,0,3,12,0,2
15,32,14,32,29,26,29,33,19,33
9,33,22,33,19,1,13,0,5,6
22,32,33,18,33,29,32,8,33,8
26,33,23,25,23,25,31,0,12,0
28,2,0,13,3,12,3,13,3,12
0,6,0,17,1,7,2,8,0,5
32,29,23,27,33,31,33,31,32,31
31,24,31,32,30,33,18,32,20,32
8,33,8,0,31,28,33,32,20,32
20,32,20,33,28,33,8,0,12,0
1,30,1,0,17,1,0,17,0,7
16,5,16,6,0,3,0,31,32,31
30,33,14,32,22,32,30,32,18,33
4,0,17,0,11,0,31,32,8,32
12,0,7,3,2,28,2,3,13,0
6,16,5,0,21,0,11,0,11,0
23,33,14,33,13,2,8,0,5,0
13,33,18,32,30,32,31,25,31,32
18,32,15,33,15,32,23,32,33,29
27,2,28,2,28,31,28,31,32,23
17,0,31,0,6,16,6,16,6,16
2,27,2,9,2,27,23,25,24,27
24,27,2,13,33,19,1,17,1,21
10,5,6,16,5,16,6,4,10,0
33,22,32,20,32,2,8,32,31,28
29,26,29,33,15,32,31,25,31,25
3,7,2,7,0,21,1,2,32,15
3,12,3,13,1,13,3,0,31,0
32,33,15,33,29,26,29,33,26,33
7,1,30,33,22,33,22,32,20,32
33,22,32,15,32,29,33,26,29,23
10,5,6,4,6,5,6,5,0,11
5,10,4,10,4,10,5,0,11,0
21,1,3,13,2,13,1,19,1,0
16,6,5,0,31,0,13,1,3,1
17,1,0,2,27,33,13,0,31,28
4,0,5,10,4,6,5,16,6,16
30,33,15,32,33,32,20,33,28,2
20,32,15,32,33,9,33,26,33,23
22,33,13,1,3,1,7,3,13,1
2,13,2,7,1,30,33,28,2,3
23,33,14,33,20,33,15,32,8,32
18,33,8,32,31,25,31,0,3,12
31,33,18,33,23,32,20,32,2,27
0,10,5,6,4,10,0,10,0,10
1,19,1,17,0,4,10,5,0,8
29,23,33,29,23,27,2,9,33,28
13,1,3,2,3,1,30,1,19,1
25,31,24,27,2,28,2,32,14,32
12,0,10,5,0,11,0,11,0,7
15,32,23,32,31,32,14,32,20,33
28,33,15,32,30,1,13,3,2,7
26,33,32,29,26,33,32,18,32,2
9,2,1,21,0,31,0,2,3,7
14,33,13,3,0,17,0,10,0,2
27,2,28,31,25,24,27,23,29,23
24,25,31,33,27,2,27,23,27,33
6,16,6,16,5,0,19,0,12,3
11,0,12,3,2,0,10,5,10,0
8,2,0,12,3,13,33,32,33,32
19,33,22,33,18,32,8,0,2,1
30,1,2,28,31,28,31,33,9,2
9,33,14,32,31,0,6,0,10,4
4,10,5,0,2,32,33,9,2,9
27,33,8,33,28,31,25,24,27,23
32,2,1,30,32,18,32,14,33,13
22,32,30,32,33,15,33,15,33,8
8,2,1,30,32,20,33,20,32,29
2,1,17,0,3,13,2,32,31,24
28,33,8,33,19,1,0,19,1,17
1,13,3,0,10,5,10,0,11,0
25,24,31,25,31,25,31,24,25,23
19,0,8,33,22,32,22,32,2,8
20,32,20,32,23,29,26,33,29,26
31,32,14,33,23,33,23,32,30,33
12,3,7,2,8,33,8,33,26,33
13,2,28,2,9,2,8,33,28,31
18,32,8,32,33,32,18,32,8,2
14,32,18,33,19,0,6,4,0,10
5,16,5,16,6,0,21,1,30,33
3,12,3,0,31,24,27,33,20,33
33,28,31,28,2,9,2,9,2,9
10,5,0,17,0,7,0,21,1,3
26,33,22,33,28,33,26,33,13,0
16,5,0,17,1,3,2,3,1,13
6,0,12,3,12,3,0,17,0,11
15,32,23,29,32,18,33,22,33,26
7,2,0,13,1,19,0,21,0,31
21,1,3,13,3,1,7,2,7,2
0,12,0,6,16,5,16,5,6,4
17,1,2,7,3,1,2,8,32,14
23,32,2,32,22,32,20,33,29,32
11,0,19,0,21,0,4,6,16,6
24,25,31,24,25,24,25,23,29,32
29,33,8,32,33,20,32,15,33,9
26,29,26,33,13,1,17,0,31,33
25,23,27,33,29,33,13,3,0,21
24,27,33,26,29,23,27,2,1,7
6,0,13,2,32,2,13,2,9,33
19,1,13,2,0,1,17,0,19,33
32,18,33,20,33,20,32,20,32,18
15,33,9,2,0,17,0,3,2,0
27,23,32,18,33,22,32,29,26,33
0,12,3,2,1,13,2,0,4,10
10,4,10,0,3,2,7,1,2,27
5,16,5,10,5,6,5,16,6,0
4,6,16,5,6,5,10,0,4,6
1,7,2,9,33,9,2,27,23,33
29,23,33,28,33,18,33,23,32,30
31,0,11,0,13,3,2,1,0,13
16,5,6,16,6,16,5,16,5,16
22,33,13,33,19,1,7,1,30,32
12,3,13,1,0,17,1,21,1,30
17,0,10,5,6,5,10,0,1,21
21,0,11,0,12,3,7,2,1,3
33,9,2,8,0,10,0,31,0,12
23,25,23,29,33,22,32,33,13,0
3,1,30,33,29,26,29,26,33,29
11,0,5,0,12,3,1,21,0,17
13,33,15,33,32,31,32,2,32,2
8,33,13,0,7,1,19,33,28,2
14,33,27,24,27,2,1,3,1,0
9,33,23,29,26,29,32,8,32,8
7,1,0,3,12,0,2,7,0,17
30,33,13,33,18,32,18,32,33,13
2,3,7,3,7,0,13,3,13,33
20,33,8,32,18,32,30,32,30,1
18,33,22,33,27,24,31,33,19,33
28,2,8,0,19,1,3,13,0,21
3,2,0,10,0,21,1,3,1,2
4,6,16,6,0,19,1,17,0,5
13,33,9,33,23,32,15,33,30,33
12,0,4,10,4,10,0,7,1,3
20,33,26,29,23,32,15,33,32,2
31,32,31,24,31,0,19,33,22,32
26,29,33,32,33,18,33,28,33,29
7,3,13,0,8,32,23,27,2,28
29,23,33,18,32,31,32,22,33,28
17,0,1,19,0,12,3,12,0,3
24,27,33,9,2,28,2,28,33,28
8,2,1,19,33,27,33,22,33,15
10,5,6,4,0,11,0,5,0,8
1,13,33,19,0,7,0,19,33,19
19,33,15,33,9,2,13,3,13,33
11,0,13,3,12,3,1,21,1,0
28,33,28,2,32,31,28,33,19,33
18,32,29,26,33,30,32,14,32,22
33,31,33,32,33,26,29,23,32,22
2,32,23,27,33,8,33,22,32,30
32,30,1,13,1,2,8,33,26,29
15,33,22,32,15,32,20,33,31,28
21,1,0,5,6,5,0,4,10,0
27,2,28,31,25,31,24,31,32,2
25,24,25,24,27,2,1,19,0,17
22,32,30,33,30,1,7,1,13,2
14,32,18,32,30,1,2,1,13,33
16,6,5,16,5,10,0,19,0,11
9,2,8,33,30,1,0,19,33,20
30,1,13,33,13,0,7,2,27,23
0,19,33,29,33,22,33,31,25,31
5,10,4,10,0,19,33,14,33,27
6,16,6,4,10,4,10,4,6,16
23,33,32,14,32,18,32,22,32,22
