20
7
5
23
4
7,20
7
3
8
4
10
21
7
7,38
7
4
23
7
23
20
7
23
7
18,23,29
2
7
10,21
0,1
7
18,29
4,8,21
0
17
7
7
0,5
0,2,7,18
3
35
7
18,23
4
4
7
1
6,14,15
18
1
18
22
18
7,24
22
18,23
7
5
7
7
31
28
5,10
22
5,12,16
10
23
6,7,8,10,20
29
12,16,29
2
23
23
23
20
1
4,17,21
11,26
1,10
7,15
12,16
23
22
4,5
4,13,31,34
0,2
15
2,18,23
5,6
22
12,16
9
9,30
8
15
6
18,23
5
20
5,18,23
7,23
35
3,4
23
3,18,35
9
4,12,16
3
30
7,10
29
7
23
6,21
4,10
15
30
10
7,33
7
2
7
2
22
1,2
1,10
23
1,13,14
6
8,18
0,5,7,10,15
22
3,21
18
26
20
7,18
2
20
0
21
2
1,13
8
3,15
9
18
3
7,22,29
17,23
3,7
9
17
32,33
7,23
23
7
3
7
7
25
6
28
2
25
7,10
5
1
2,5
6,21,24,29
0
13
19,30
0,18,19
25
7,9,18,22,23
8
5,6,17
6,21
4
10
25
6
7
7
7
12,16
25,30
3,6,17,21
10,31
4,17
17,25
7
12,16,18,23,24
21
12,16
4,10
2
25
22
4,19
7,23
21
7
30,31
35
7,20
26
18,34
1,4
25
7
33
15
1
7,29
7
31
23
0,29
4,7,9,10,13,18
4
7,23,33
7
23
7
1,5,7
7
12,16
7
9,22
25
7,23
4,17,21
7
29,33
12,16
7
12,16
12,16
29
2,15,29
26
7
6,23
20
10
29
29
12,16
8,29
7
23
18
20
7
4
29
10
19
20
4,35
20
6,7,10
5
7
17,18
1,9,31
5,23
7
2
18
7,19
2
6
1,7
7
0,1
7
9
21
18,21,29
5
4
33
23
23,29
15,19
1,23,29
4
20,22
19
5
19
6,21,29
23
15,24,33
1,12,16
18
4
23
6,15,24
5,21,23
1,13,25
12,16
1
1,18,29
29
7
22
7
4,12,16
1
4
19
7
7,18
0,29
2
0,1,12,16
4
33
7,22
1,18
19
5,8,31
29
7
19
7,12,16
1
5
4
4,12,16,24
1
4,12,16
7,29
7
1,4,10
23,24
1
15
7
23
10,15,17
7,25
0
1
23
12,16
1,7,31
2,5,6,12,16
4
12,16
23
29
18
4
5,8
23
0,18,23,29
29
7
1,5,9
25
4,6,31
7
29
10,20
7
10
15
3
10
7
7,10
1,9
4
1
4,25
25
5
25
10
5,17
31
1
6
8
4,7
8,15,17,24
29
0
4,12,16
7
0,5
23,29
10
1
7
23,29
7,25
4
26
22
15
1,9,25
4
7
7
6,7
12,16,33
2,4
17
7,23
18
5,9
7,12,16
10
10,12,16
7
7
18,23,29
19
30,31
1
15
6
1
23
0,7,18
10
12,16
7
7
7,34
18
18,23
12,16
8,25
7,10
7,18
20
7
5,7
19
2,5
18
5,6,30,33
8
7,18,28
31
23
2,4
4
6
22
22
1
7,18
31
2
18,23
3,4
1,7
6,7
25,28
17
15
12,16
8
4
12,16,23
4
1,10,17
10
17
12,15,16,21
23
5
1,6
23
25
2,10,34
4,12,16
15,21,23
15
4,23
5,20
3,5,21
7,10
6
1,19,31
18,23
19
15
7
2
4
1,5
7
15
7
1
7,23,29
11
2,4,5,10
0,23
1,4,8,15,19,31
7,9,22
4
18,23,29
19
19
22
4
17,19
7,29
7
4
7,21
7
17
12,16
15,29
7
10
7,10
1,21
7,19
1
12,16
7
1
22
26
18,21
8,10
25
6
1,9
7,18
23,29
15,22,23
1
4,7,18
7,34
6,10
7
7
2
1,12,16
25
8
5
17
7
7,18
25
5
21
1,35
7,23,29
5
19
9
35
0,3
6
12,16
7
26
9
6
6
7,23
18
2,9,26
6
7
26
12,16
17
25
7
6,19
4,18,19
1
3,4,12,16
7
3,9,19,30,31
25
9
0,8
14
1
0,7,28
7,24
10
4,7,25,31
21
6
1
7
10
14,15,18
5
12,16
1,7,17,27,31
21
29
7
5
4,12,16
26
25
1
1
6,18,21
4,12,15,16,29
3
7
0,1,8,12,16,19,22,25
7
4
1,19,29
9
5,21
10,13
0
21
30
7
9
4
12,16
29
29
6
1
23
23,29
7,17
2
30
4
15,31
3,31
7,13,18
1
15,19,26,31
29
4
28
23
3,8,17,32
5
12,16
1
7
31
2
23
6
23
26
9
29
12,16
18,23
1,5,25
23
1,12,16
23
7
7
15
5,15,23
1
18,23
2,34
22
1,17
3,9
8
7
7
10
4,14,19,25
4
10
12,13,16
7,38
21
9,10
12,16
6
10
1,7
4,7
23
7
1,31
7,15
7
18,23
21
23
5
3,5,21
29
4
2
30,31
12,16,17,32
25
2
10
2
7,34
5,9,11,23
23
7
25
8
1
7,20
17
29
0,29
1,19
7
7
4
31
12,16
15,17,20,23
4,12,16,23
4,23
23
5,6,9,10,11,13,21,31
7
6
0,5,9,17
12,16
2,22
18,23
7
6
19
0
6
2
12,16
9
18,23
4,7
6,7
25
7
2
5
7
4
1
13
10
3,7
8,23
18,23
9
17
22
3
1,31
7
1
25
18
23
1,7,9,33
7,18,23
6,18,23
22
15
10
23,29
2,25,33
5
19
29
23
8
5,12,16
12,16
2,8
23
4,9
0,21
1,10
1
7
17
1,8
0,4,10,19
22,23
2,10,33
6,7,10,12,16,21
7
5
13
6,21
1,5,26,31
17,24
20
1
5,9
22
23,27
18,21,29
21
7
8
6
2,20
6
7,15
7
1,5
4
7
9
0,29
6,12,16
5
14
2
21
3
17,25
6
11
1
3,8
25
23
15
25
18,23
12,16,21
1
7
27
8
17
20
7
1
21
25
5
23
33
4
4,17,21
31
34
5,26
10,18,23
1,2,6,11,12,13,16,19,23,27,31
7
4
7
29
19,34
6
9
10
25,31
8
4,7,9
8,17
31
23
17
7
10
1
4,18,21
20
31
1
2
28
19
4,9
4,12,16
0,6
34
31
7
10
0,10,18,23
7
1
0,2,17
31
1,30
8
7,9,31
6
10
18
0,29
4,25
32
9
9
6,10,12,14,16,32
2,25,29
4,18,23
7,27
1
7,9,10,18,25
17
2
1,10
1
1,9
19
5,10,12,13,16,17,25,27
7
4
5
25
7
6,7
5
9,31
19
4
1
11
18,23
2
5,6,13,22,33
22
29,33
7
4
25
18,23
23
3
13
23
13
4
2,5
20
3
7
1,31
25
23
7,9,18
1
25
4,13
23
2,4,7,12,16
1
2
1
29
7,22
4
14
7
4,18
1
7,9
7
23
1,9
5
7
4,7,18
2,32
12,16,19,31
5,18,25
1
4,5,6,23
7,10
3
23
7
9
7,13,18,24
2,6,12,13,16,33
10,12,16
25
23
13
5
31
2
4
19
7
5
1,9
22
4
4
12,16,23
8
18
4
0,1,5
7
1
5,9,19
7
6,33
4
1
1,13
12,16
6
13
7,9,26
10
6
0,6,9
4
7
1
1,2
10
2
6
3
9,18,23,24
1
18
7,22
6,7
30,31
19,31
20
27,31
4
19
36
2,13
4
4,23
4
7
5
7
7,22
35
25
6,21
7
2,6
29
19
22
3,14
4
5,12,16
4,18,23
4
7,23
1,4
2
7,9
0
18,23
2
9
8
12
10
2,5
17,21
4,12,16
3,7,19
4
28
7,10
3,12,16,23
9
5
6
1,5,28
13
7
4
5
7
4
20
7
23
6,21
1,9
26
1,7
20
6
4,19
25
5
29
22
7
7
13
23
1
23
15,18
10
1
10,21
7
1,7
18,23
28
4,23
32
5,10,13
21
7
1,7
18
1,6,10,12,16,17
21,29
19,31
23
2
4
12,16
4,10
7,12,16
26
7
2
7
10
1,6,7
1
7
0
4
2,7
3,4,7,13,33
18,23
4
7
7
2,20
25
1
5
25
10
4
22
19,27,31
2,9,25
5
7
17
29
6
0,31
3,4,30
25
23
7
7
7
7
24
6,32
4
7
4
7
21
21
23
7,10,18,23
4
1
2
2
17
7,10
1,31
1
13
4,20
7,29
3,7
10,21
7
1
6
25
23
1,9
25
7
1
1
1
4
23,34
7
2,10
1,7
7,23
19
7
10
5,7
7
2,5
7,17
7
2,9
10
4
1,2
5
18,23
19
26
24
4,12,16
8
13
29
1
4,6
34,38
22
25
5
7,29
7,9
4
19
10
3,4
13
4
5,8
7,18
12,16
12,16,23
18
1,18,31
23
5,23
3,4
8,17
4,7
8,22
29
7,10
30
18
9
22
18
4
9
2
7
7
5,17,21
33
5
18
23
19
1,7,9
7
25
2
7,12,16
3,19
7
2
5
31
9
2
1
21
6
2
7,8,31
9,31
29
7,18
7
8
13
30
23
7
7
4,12,16
2
20
17
23
4,10
2,12,16
1
7
7,14,15,21,23
20
7
23
7,10
4
5
7
32
21,23
31
22
21
15
5
19
38
19
12,16,25
10
5
2
4
22
10
5
4
4
23
31
18,23
18,23
12,16,18
23
19
7
7,8
7
4
23,24
23
9
22
23
25
4
18
12,16
5
2,5,20,23
29
34
1,9
7
12,16
18,23
7
17
18,23
1
12,16
8
18
23
18,24
1
1,4
18,23
13
0
2,8,20,31
25
7,8,12
23
7
12,16
7
4
29
25
2,5,6
25
18,29
29
9,18
6
7
1,5
8
2,7
15
20
2,5
5,15,23
23
7
23,29
12,16
8
1
1
1
2
2
1
1,2,5,10,13
5,8
6,7,18
10
9
7
0,6,21
1
2,5,21,23,26
4
31
5
2
18
7
7
7
20,23
7
10
3
1
17
7,23
23
19
7,17
19
1
23,29
13
18,21
38
7
23
5,22
4
7,10
17,29
18
5,8,30
2,27
30
18
3,7
6
7
4,22
1
1,9
10
8
29
4
10
1
8
4
9,17
7
7,29
2,5,19
7
6
18
7
23
31
7
22
6,10
21
5,13
6
23
23
15,18
1
3
6,18
1,8
4
4
6
20
1,7,20
23,31
8
9
1,2,8
5
18
6
7
31
7
3,21
22
18,23
7,29
6
1,31
7,23
4
30
0
33
7
7,22
7,34
4
8
29
1
7,9
10
4
34,38
7,10
9
31
6
23,33
9
25
7
7
31
7
7
21
22
18
7,21
30
10
4
22
8
15
5,7
9
8
21
8
2,7,15
34
8
22
29
1
2
23,25
4
1,31
2
7,14
12,16
7
4
3
13
25
7
7
3,21,25,31
29
5,7,21
8
7
7
2
7,19
21
6
1
7
4,10,12,14,16
7
1
34
10
12
23
22
31
22
7
22
6
12,16
4
30
5,12,16
1
31
7
10
9
7
8
7
2
8,28
0
4
1
9
7,9,18
8
2
0,4,6,7,21,23,29
12,16
7
0
4
18
6
29
6
9
20
20
7
23
7,31
19
7
7
7
18
0,23
4,7,23
4
22
4
1
20
7
29
13
1,9
4
1
17
9,18,21,23,29
31
9
2,4
20
18
2
3
2
8
4
4
22
17
21
7,31
6
7
29
1
7
10
1
4
17
23
4
23
7,19,21,22
1,9
7
7
29
29
23
7
7,22
23
2
17
2
17
2
4
20
7
2,4,5,10,31,35
1,5,9
4
19
7
3
26
1
4,9
2
6,21
2
12,16
7,20
23
7
1,10
7
15
7,29
17
5,8,10
6
6
1
19
8
1
7
29
23
4,7,31
23
7
7,18,23
5
26
7
36
7,18,19,31
1
5,17
7
19
4
8,34
7
2,7
26
2,4
15
7
19
21
29
7
23
31
21
23
25
7
7
0,1
15
8
18,23
12
30
2
13
7,15,18,29
20
18,23
7
17,18
7
25
26
4
1
13
23
9
19
7
2,22
1,6
7,23
22
23
17
1
9
26
26
8
7
6
4
23
10
1,2,6
10
9
18,29
7
4,12,16
1
4
7
6
23
10
20
1
31
20
4
1
7
7
5,7,29
10
7
4,13,23
19
5,28,36
1
7
7
29
1,2
29
19
18
4
6,12,16,35
9
9
2
29
36
6,12,16
3,7
34
5,21
7,10,22
23
23
1
31
12,16
4
10
7
23
4
29
4
29,31
7
31
7,8,14
6,25
7
4
26
34
7,18,23
10,19
22
4
12,16
1,7,22
5,29
4
8
10
26
9,10
23
31
23
22
25
7
5
25
1
1,20
4
7
21
2,30,31
7
20
6
12,16
6
1
7
7
23
29
28
23
8
6
4,12,16
10,13
9
5,12,16
23
20
28
31
20
9
7
2,10
7
22
7
10
12,16
7
22
4
21
23
7
7
25
19
23
7
20
35
11
7
17
23
10
17
23
15
3
4
17
5
7
7
12,16
1
11
1,25
7
6
7
28
10
7,9,26
6
26
7,31
1
10
31
31
7
4
5
2,29
19
1,13
7,18,31
6
7
10
0,1
27
17
15
6
8
4
13
23
4,22,23
2
3,6
6
1,23
9
17
9
8
7
7
2
10,12,16
6
12,16
4
9
29
5,8
4
5
19
4,7
23
3,9,13
4
3,26
7
5
21
5,25
31
4
25
7
13
10
1
25
23
9
6
19,30
29
5
25
2
6
1,10
5
21
22
10
12,16
6
10,21
9,19
7
4
6
7
0
9
10,13
7
17,21
1
7
2
29
23
1,9
0,10,12,16
1,19,21
29,33
29
28
7
25
1,3,9
4
23
30,31
30
23
7
2
2
19
31
5,7
5
7
7
12,16
1
1
3,6
18
12
7
1,2,9
2
7
3
7,15,22,23,25
6
8
25
22
3
5
17
23
2,6
4
22
9
23
21
7
7
9
4
22
1
6,31
1,13
6,7,29
1
13
25
10
23
7
8
31
13
2
1
1
6
7
7
25
7
7
7
3,7
21
8
2
6
29
19
7
3
1
7
4
6
4
23
1,13
18
9,15,18
7
19
7
7
21
6,21
9
3,10
29
9
8,10
18,19,21
5,19
3,15
8
25
23
1
5,21
9
21
3
2
7
2,4
3
17
1,7
17
4
7
4,8,18
6,30
7,22
1,27,37
23
1
6
9
7
5
2,7,13
7
10
7,10
6
2,5,23
4
7
15
26
4
2,8
20
20
2
34
8
6
21
23
22
7,18
3,7
10
31
1
0
7,9
22
2
9
4
7
25
7
2
1
1
18,29
29
21
26
33
10
26
7
2,21
4
35
7
19
5,10,13
9
1,31
7
20
6
3
7
4
3
23
5,8
7
25
3
19
7
29
22
2
30
7,18
2
1,6,21
1
1
6
31
6,7,8
7
1
22
11
29
7
10
0,7,23
4
2
1
8
7
4,12,16
3,25
7
5
3,12,16,17
6,23
2
23
22
29
4,10
4
3
7
4,7
7
1
17
18
8
2
25
29
13,26
6,17
33
23
1,4,6,9,10,19,31
23
7
4
7,9
10
7
9
22
7
6,9
7
7
6,25
18
10
12,16
19
4
27
31
29
7
23
6,29
8
3
7,18
18
5,18,24,29,31
9
4
25
4,22
21
4
12
7
29
2
13
7
36
12,16,18,23
0
9
5
1
19
23
9
18,23
7
7
17
4
25
4
7,23
7
2,7
7
4
8,23
1,6,9
4,7,23
15,32
30,31
2
1
5
19
5
7
23
3
7
26
7
7
8
21
10
10
10,21
22
19
4
8
7
4
7,18,26
4,26
1,6
4,9,12,16,19
23
3,7
10
30
7
17
25,31
1,18
12,16
2
2
8
21
7
1
20
31
5
1,25
1,7,10,29
1
7,22
21
2
13
4,10
7,10,18,25
13
29
5
0,14,18
7
7
7
1
17
1
23
8
6,13
2,8
25
8
4
4
2
6
8
7
9
31
22
10,25
1
2
7
7
6
13
23
5,7
1,9
23
7
9
1
12,16,18
13
10
7
3
12,14,16
0
31,36
3
7
4
7
1,2,5,13,15
7
7
7
1
12,16,22
23
1
4
1,7,8
20
32
12,16,22
5
23
15
0,21
22
33
2,19,31
1,5,25
25
23
8
7
34
23
17,23
7
4,7
1,2,9
7,19
7
13
18,23
9
25
7
23
2,3,18,24
6,10,12,16,32
4
12
23
7
5,8,9
23
10
5
1,23
18
5,6,17
19,31
18
21
3
23
2
15
29
6
7
23
23
7,8,23,25
15,18
23
6,8,10,13
4
1
6
4
4
1
9
31
4
7,26
4
2
4,23
5
7,23
5
21
6,20
8,22
6,7
8,31
4
8
7,19
25
7
1,3
12,16
7
31
23
2,7,15
23
23
7
22
5
23,30
8
20
10,23
30,31
1
3
10
7
3,6
4
0,21,23
29
5,15
4,9
1
4,12,16
7
12,16
19,35
31
1
24
4
25
7
20
0
1
7
7
22
19
10
4
1
12,16
21
7
9
5
20,23
13
23
5
17
33
1
12,16
3
6,19,21
6
21,29
2,12,16,18
0,6
7
7
7
1
10
4
19
9
7
7
17
4
8
3,5,12,16
20
5
12,16
2
6,17
6,7
1
7
18
4
6
15,18
6,26
7,29
7,10
1
2
3,6
7,32
29
23
25
6,7
5,19,33
25
7,18
4
29
25
37
7
7,9
25,32
13,31
19,31
4
25
10,13
3
4
5
13
4,31,34
7,18,19
34
19
10
7,10,18
2
7
4
23
7
25
5
6
7
7
5
5,7
22
10
7
4,7
7
8
7
2
12,16
18
22
22
18,23
22
1,27
24
18,23
23
4
2,7,9,18,29
2
31
23
10
26
0,29
23
29
18,23
21
5
10,24,29
1,10,24
31
5,18
7
18,23
23
10
3,7
10
12
7
1
23
5,7
5,13
10
7
8
17
22
22
7,13
5
1,10
7
6
29
3,4,7,12,16
22
7
6
1,10,15,18,23
7
28,31
19
1
9
1
6,7,21
4
1
9
23
19
23,29
2,7
4,9,12,13,16
2
15
29
31
2,7
19
9
10
4
1,8
4,23
7
30
5
7
7
18,29
23
26
7
7
0,18
9
12,13,16,21
0
6,34
6
1
2
13
1,9
9
2
8
5
5,7
7
19
7
5
7
29
10
1
6,21
13
17
2
1
7
7
7,23
21,23
29
2
7
1
7
4
31
7,22
4
3,5,18,23
7,29
8
29
7
7,18,23
5
23
5
4
28
25
7
25
22
8
6,21,23
5,29
7
1,5,20,23
1,5,19
12,16
23,29
1
8
0,15
7
10
1
22
6
19
19
2
31
33
5
7
6
33
4
12,16
18,23
7
8
7
3
23
15
18
0,1
8
5
1,5
7
5
33
31
0,5,17
23
7
6
6,12,13,16,17,32,35
35
7
1,9,31
6
4
7
7,18
15
12,16
22
4
18
19
5
7,22
21
21,29
5
1
1,13
8
24
23
21
23
12,16
4
7
7
13
31
12,16
7,31
15
2
9
6
2,31
10,14,29
23,33
20
3
6
1
2
19
4,18
5
1,9,19
13
9
22
7,29
26
7,21
8
23
1,2,31
7,18
6
7,21
5
23
23
18
7
7
31
29
9
20
23
7
10
31
15
7
6
17
2,29
31
1
2
31
10,18
29
0,2,4,7,18,22,36
7
23
7
8
7
9,23
7
2,5,18,23,30,31,36
10
30
5
2
7
29
7,18
23
17
0,17
5
23
10
23
9
28
35
31
7
25
31
5
19
10
18,23,26
34
1
15,23
9
23
7
6
4,18
7
29
23
4
23
5
5
1
8
9,10
7
0
9,18
8
1
23
7,15,22
2
29
23
7
23
8
0
2
31
2
7
23
22
2
12,16
2
8
1,5
23,29
6
7
29
18
4,18
4
1,2
7,9,18,22
1
4
23
7,29
21
4,12,16,36
17
9,22
9
1
1
3,15,19
23
21,22
7,10
7
15,18,23
12,16,28,35
15,35
0,12,16
11
21
6
29
19
7
1
4
1,9,22
8
12
4
23
23
25
31
34
5,9,17
31
8
2,19
23
22
1
6
7
1
7
10
17
25
4
5
7
22,23
3
13
17
6
1,25
4
32
21
4,8
17
5,8,31
6
7
12,16
25
23
10,33
3
18,23
2
1,2
2
29
23
1
7
2
18,23
18,23
5,34
1
26
7
22
5
7,9
7,23,29
23,33
10
7,25,31
23
29
7
9
2,5,6,12,16
1
5
7
5
6
7
3,18
1
19
2,8,13
25
7,10
1,7,21
4,12,16,33
2,10
6
2
4
4
7
25
7,10
29
2
23
1
1
7
8
8
8
23
0
1,13
5,17,31
17
19
10,17
2
3,22
6
4
7,34
31
6
4
7
3
19,31
5
7
4
9,31
4,9,30,31
9
6,21
22
7,10
31
3,23
0
10,15
20
23
5,6
7
9,22
25
17,18
23
9
7
29
9
13
6
8,15
8
19
2
8
23
7
13
25
18,23
9
23
23
3
18
7
7
4
1
23
19
2
1
1
1,9,25,31,35
12,16
8
4
23
15
23
12,29
5
26
12,16
7
13
4,15
22
2
7
3,4
17,23
7
7,8
4
4
20
25
20
7
22
10
1
23
7
7
17
23
23
3,6
7,18
4,7,10
11
12,16,23
6
5,6
21
7
9
7
31
7
3,7
31
12
18,23
23
8
7
2
1
4,7
18
21
7,15
1,9
6
5,7
7
34
5,33
8
7
6
1
7
1
8
10
23
7
24
8
1
2
6,7
17
18
35
7
19
31
28,29
4
21
2
7
7
10
18
7,27
5
10,32
7
1,12,16
7,14,29
22
8
26
4
31
7
7
12,13,16,32
2,5,15
25
7,18
5
10,21
8
7
23
21
3,7
1
27
23,24,29
29
1
4,23
4
34
23
1,20,31
19,35
1,20
7
15
20
5
4
4
4
15,18,29
9
7
7
2,21
6
20
7
33
4,17
20
23
2
7,29
7
13
6
23
5,23
12,16
17
8
5
26
2
2
8
7
5
18,29
4
1
12,16
9
2,13
4,6,27
9
1
21,29
23
4,7
29
2
4
19
31
25
23
2
5
7
15,19
4
23
6
24
7
25
2
18
19,29
8
7,25
19,25
7
4,8
22
1
1
9
6
18,23
12,16
7,18
13
7
7
28
15
7
6
4
4
7
4,5,9,25,27
9
20
12,16
15
10
7
1
5
7
7
5
25
5,21
21,22
23
17
7
2,4
1,9
0
19
2,12,16
8
5,19
7
8
23
7,9
4
3,4
2
4
7
7
6
17
1,20
10
5
11,28
31
22
2
7
4
5,30
1
7
18,24
5,6,8
7
0,11
5
26
18
9
8
1
5,23
9,12,16,25
8
7
19
7
7
9
7
23
23
7
17
12,16
22
6
33
17
2
7
13
12,16
1,5
21,23,29
5
8
5,7,10,12,16,30
4
2
9
5
1,22
3
5
12,16
7
12,16
4
1,12,16,18
4
2
5
7
7
7,23
7
7
26
23
29
7
18,23
6,18,23
4
21
4
31
7
7
7
20
25
12,16
1,5,7
8
8
23
12,16
7,19
23
8
7
7
7
6
7,18,25
17
10
29
23
3,4,14,29
7
17,23
6,7,12,16
0,36
2,7,28
7
31
7
35
3
23,29
29
20
21,25,31
7
7
29
36
2
1
23
2
23
4
23
23
6,28,31
0
6
10
18
18,21
9
12
15
13
7
1
23,24,33
23
10
23,29
13
4,10
4
1
6
23
2
7,18
7
33,34
3,5
26
0
5,35
23
4,23
7
7
7,29
23
2
19
2,5,18,23
4
19
3
5
1
33
2
7
34
6,7
23,24
0,23,24
11
7
2
5
21,22
7
1
17
20
7
19
4,21
7
2
21
4
2
35
7,23
7
12,16
6,15,21
23
3
4
7
18,23
10
3,4
3,7,34
9,18
1
32
1,2,35
5,10
7,25
23
7,8
1
10
7,12,16
7
7,18
29
6,21,29
12,16
9
2
4
2
7,15
23
7
12
35
7
4,7
7
1,23
10
10
2
5,10
13
4
19
26
7
7,23
7
1
2
5,23
15
7
3
23
23
7,9
6
22
7
2
18
7,23
23
7
25
5,23
8
8,13
1
1
4,5
2,25
2,22,23
2,9,19,31
5
1
31
6,21
2,4,9
18
18
7,9
4
15
8,23
2
7,9
2
19,21
4
4
4
17
13
4
1,22
23,29
9,31
13
7,35
7
3
10
33
23
10
17
7
10
23
1
23
23
35
23
21
23
7
23
10,13,32
5
5,10,11
1
10
19
7,34
5,21
17
7
23,29
1
8
1,4,6,12,16,21
0
23
4
18,23
23
5
17
2,24
10
31
22
7
1
2
22
32,37
22,24,29
7
1
7
23
18,23
10
10
18,23
2
13
3,9
2
30,31
7
7
5
8
20
31
20
12,16,29
6,29
11
18,24,29
17
1
1,5
4
23
12,16
23
5
31
22
23
35
31
4
5
10
7,26
29
10
1,19,31
30
19
7,29
3,29
21
8,17,26
7
8
17
2,6
3
4
3
32
25
24
4,23
23,29
2
15
4
22
17,22
1,5,7
2,23
10
7
18,23
7
23
6
21
23
6
15
22
7
7
8
0,3,4,10,12,16
7
27
15
10
30,31
10
21
20
7,10
10
5,30,31
8
2
22
7
21
22
29
7,21
22
2,20
21
7,18
7,15
10,33
1
5,23,29
5
7,10
6
2
4
7
18,23
15
15
4
1
29
5
10,15
7
10,29
20
5,15
6
23
7
4,18,30
23
12,16
15
2
7
18,23
3
31
23
7
19
35
10
2,12,27
23
23,24
4,12,16
24
24,29
6
4
5
13
1
7,18
13
1
18
5
24
6,13
7
5
10,24
2
5
5,18
5
9
29
6
7
24
36
24
4
10
4,29,32
1
15
18,23
25
1
7
25
24
1,6
7
1,7,8
30
31
24
22
29
6
24
1,6
19
17,23
3,33
1
4,18
1,24
5
5,9
18,23
6,21
5,7
1,5,7,12,13,16,18,25,27
9,34
5
3
17
24,29
1,7
13
17
23
1,5,24
32
31
15
27
15
0,19,31
6
10,21
15
3,7
1,13,34
4
9
29
9
12,16
9,19
23
31
4
8
6,29
0,3,7,24
22
24
22
15
33
6,21
4
0
7
32
7
21
6
31
31
1
9,22
4
18
31
3,12,16
24
10
17
2
7
13
7,9
1,7,9
2
22,23,35
12,16
6
20
15,23
17
0,12,13,16,21
9,19
6
2
10
7,18
0
3
3
7,17
7
6,21
31
12,16
1,9,13
0,1,5,10,22,30,31
17,22
9
4
23,26,29
3
10
33
31
9
7
4
10
17
9,12,16
7,25
7
5
7
1
1
9
1
24,29
21
2,6,9,19,22,31
7,10,18
1,9
7,9,10
11,12,16
5
1,5,24,29
7,22,25
4,24
33
22
6
7
19,31
22
23
7
10,18,19,22,23
8
15
2
22
29
7,24
20
23,24
7
23
3
10
0,4,6,7,18,31,35
23
1
6,33
8
25
8
7
15
7,18,23
10
24
10
17
15
12,16,19
29
6
6,23
15
8,17
5
29
9
1
10
25
1
4,7,35
23,32
4
10,18,24
2
0
19
6
28
15
6
12,16
12,16,17
25
8
6
5
23
9
4
15
29
2,7,18
12,16
4
7
7
2
4
15
6,20
22
30,31
12,16
35
10,22
5,31
4,5,9
10
2
1,31
7,22
4
7,9
1
10,17
1,25
7
23
19
23
7
7
2
2,7,12,16
4
7
8,15
0,9,14,17,18,29
4,23
7
22
8
4
22
7
31
26
5
1
21
15
1
8
23
1
10
7,18
2
12,16
7
23
12,16
7
4
25
1
1,5,12,16,17,22
7,25
2
2,23
4
5
29
31
10
18,23
7
1,10
4,7
22
30
15
1
7,18
10,24
24
25
12,16
10
29
18,23
5
4,30
2
7
5
4
2
1
18
15
5,10
15,17,29
7
12,16
29
5
17
23
7,18
6
1
2
6
18
7,36
17
6,21
15
6
31
1
8
25
1
24
2,19
12
36
22
35
12,16
6
4
7,8
13
2
2,35
7
1
4,18
9
6
4
1
7
35
5,13
12,16
1,6,7
24
23
8
23
17,28
7
7
23
7,19
8
18
1,5
3,7
4,12,16
15
24
10
4
12,16
23
19
20
12,16
8
1,8
18
4,7
7
18
0,2,5,12,30,32
1
15,17
12,16
1
22
7,15,18
24
3,23
1
17,27
10
1,13
7
10
7
7
22
27
15
7
6
24
7
7
10,27,35
4
0,13,25
31
7,18
8
1
8
7
7
9,22
12,16
24
5,6,24
15
29
6
12,16
1
12,16
3
8
6
1,4,9,18,26
4,6,12,16
2
25
23,28
31
4,9
7
7
6,24,33
19,30,31
17
7
26
7
18
4
8
9,22
15,18
18
1
1
8
17
25
9
22
2
17
12,16,18,23
29
19
10,12,16,23
12,16
7,18,31
31
7
13
12,16
23,24
23,29
18,24
13
9
8
19,23,29,31
5
10
8
4,9
19
9
1
15
4
7
18,23
28
4
4
0
24
23
7
8
0
12,16
24
7
5,7,15
8
1
7
25
7
7
7
5
5,23
9
31
17,29
25,31
7,18
7
5
18
7
1,10,12,16
4
18,24
20
23
7,24
7
17
34
5
17
5
28
18,23
5
1
24
13
25
6,25
6
18,23
7
23
13
17
2
2,23
27
31
22
22
5
8,13
4,15
2,7,17
6
34
11
22
30,31
7,29
15
30
18
2,19,31
10
6,15
20
22
9
10
4,15,23
7
12,16,22
35
38
23
2
4
4
7
2
22
6
4
7
5
25
15
26
30,31
20
8
31
10,24
1
7
1
7
5,12,16
7
25
5,7,12,16
25
2
4
6
4,5,12,16,20,29,32
18,23
7
23
5
19
12,16
19
7
10
2
8
23
5
4
1,10
7,29
27
7
8
12,16
18
4
7
7,23
5
4
1
6
23,27
1
1
13
35
3,21,31
6,7
1,4,12,16
10,24
5
7
34
4,23
20
18,23
2
10
5
6,21
7,18
37
27
31
2
32
23
6
17
12,16
3
7
4,17
7,17,18
7,29
1,9
10,15
1
15
1
7
1
15
9
4
0
9,19
4
12,16
9
26
23
1
4
7
7
4
25
29
4,14
1
23
32
0
1,2
3
4
5
6
7
8
9
10
4
1,5,10,11,12,13,14,15,16,17
7
18
5
4
5
1
2
19
13
10,20
17,21
22
4,10
1
15
7
3
18
7,23,24
4
23
7
8
5,25,26
5
23
5,23
27,28
21
23
0
4
12,16
6
7
14
20
5
17
8
3,18
8
2,7
1,2
23,29
0,1,2,10
12,16,27
7
24
29
7
1
12,16
1
1,18,23
23
6
23
2
7,18
2
8,18,23
15
6
0,10,22,25,30
2
2,12,16
4,31
19
20
23
1
6
1
13
20
7
7
7
8
15
4,9
4
31
7,9,11,12,16,25,26
12,16
19
3,25
1,6,31
4
3
5
15,32
7,15
15
23,24
5
1
1
4,30,31
4
7
23
31
1
18
22
1
23,24,29
19
12,16,22
0,15,23
18
17,22
19
19
28
0,12,16
7,12,16,24
2
7,18
13
7
6,10
12,16
12,16
23
12,16
23
4
6,10,21
5,7,18,23
7,18
8
12,16
17
23
23
1
2
5
7,24
7
7,18,23
10
7,18
2
7
0
21
7
22
19
7,9
23
5
24
0,15,22,24
12,16
18
4
1
13
9,30
1
17,21
5
18,23
22
1
4,10
4,8
4,24,29
10
7
15,19
7
19
32
22
1
1
3,15
10
6
22
7
23
24
18
6
19
5
20
28
3
12,16
1
23
13
10,33
7
12,16
23,29
1
6
5,31
4,12,16
13
22
31
19
18
10
0,1,25,30
22
9
34
3,12,16
22
10
18,31
1,4
24
4
2
1,9,18
9
7
29
19
18
3
15
0,7,10,18,29
1
7
23
5
5,12,16
23
18
8
1,23
25
4
23
15,32
4
12,16
7
23
4
31
2
9
7
7
7
6,10
23
12,16
9
10
3,18
23,24
9
7,18
28
24
19
15
9
6
15
1
6
24
31
7
7,18
12,16
23
7,9
17
1,3,5,11,12,16,24,27,30,31,36
7
1,6,19
6,7
2
6
12,16
7,18,22
7
8
8,23
23,29
20
4,18,23,24
15
2,25,31
1
12,16,24
10
29
10,12,16
13
7
10
2,7
14,21
24
2
23,29
21
7
1
1
7,18,23
5
7
2
17
9
4,12,16
5
4,15
23
31
7
24
15,29
2,5
7
23
7
5
15
8,12,16,24,33
2
18
1
5
13
9
4
7,23
7
24
19
24
9,18,29
15,35
17
12,16
13
15
7
26
7,18,19,31
23
30
8
5
7
3,4
22
22
8
12,16
5,8
1,31
4,11
25
7,10
19
2,9
6
4
1
31
2
23
19,22
7
1
18,23
30
7
7
29
9
23
12,16
4
9
1
12,16
19
2
12,16
18
5
7
3
31
23,24
23
24
25
15
9
5
6
26
7,18
25
25
0
3,12,15,16
21,23
5,18,21,23,29
1
2
1
7
12,16,28
7,31
2
7
7
13
1
27
18,23
25
5
24,26
12,16
15
10
9
7
23
13
1,6
24
5
13
28
21,31
8
4
31
1,22,23,31
7
4,15,19
7
4,12,16
25
4
6
19
23,24
29
5,7
24
4,12,13,16,17
5
23
12,16
6
15
18
1,15,25
19
5,21
10,21
7
23
12,16,23
6
9,31
1,13
31
3
18
23
1,10
19
4,6,7,13,18,21,32
7
4,7
7,14,18,23
19
7
7
6,24
7
31
5
20
17
18,23
24
6,24
23
2
24
7
7,12,16
3,6,7
2,17
19
1,31
24
19
12,16
4
23
15,18
14
18,23
24
20
12,16
7
24
31
22
18
19
15
7,24
19
2,12,16,31
23
13
7
2
4
9
6
7,18,23
4,10
7
7
5
2,7
4
2,18,23
23
19
24
13
7
1
4
4
7
17
8
4
12,16
2
10,18
2,7
7
1
12,16
4
8
12,16
4
6
7
1
0
11
7
4
17
5,20,27
7,12,16
13
4,7,18
8,29
7
1
15
10
4
23
32
7,15
25
7
20
15
23
1
7,18
4,7
15
4
9
4
6,13
18
1
7
25
22
5,6,10,13
7
7
4,22
10
22
9
23
12,16
19
5
15
32
7
12,16
23,24
22
15
32
19
15,29
7
19,21,25
3,7,9,18,27
5
7
4
4,32
1
20
12,16
7
26
18
7
1
7
4
7
4
24
7
2,6
18,29
2,24,25
7
15
20
31
7
29
7
10
15
23
15
32
8
7
23
0
6
25
18
5
13
24
23
23
23
1
15
2
12,16
7
5,10
8
25
4
29
15,23
6
29
18
6,23
17
18
9
0,8,35
15,18
15
31
4
6
18
5,7,18
10,24
7,31
18
18
15
4,23
3,5,30,31
4
5
5,7,23
7,18
19
7
15,24
7
9
13
24
6,21
9
5
5,11
7
4
24
12,16
15
29
23
18
25
7
9
19
29
21
18,32
1
7
6,21
5
12,16
4,23
25
17
13
24
7
18
2
5,9
4
25
7
5,8,9,18,28
10
6,21
25
6
1
4,7,10,12,16,18
5
9,18,23
5
1
9,24,29
5,12,16
6
25
13
5,32
3,19
4
20
7,18
18
4,18
5
9
18
5,21
18
17,35
4
6
32
33
20
23,24
23
6
29
12,16
7,18
4
18
4,21
0,1,2,10,19
20
7
10
32
23
22
4
31
13
4
24
3
7
15,35
23
3
7,24
17
7,9,18
23
12
18
7
1
6
21
1
5
35
21
3,10,14,19
23
2
12,16
18
18
3
27
5
2
19,22,30
17
20
7
5
15
5
5
1
18
23
4
22
31
0,8,25,32
4
2,12,16
18
7
15,18
6
1,9
15
1
7,18,21
5,7
18
10,13
9
18
18
18
23,29
29
4
7
5
25
18
2,17
25
3
2
32,35
31
18
4,23
1
10,23
7
17
7,29
32
18
1
2
4
9,22
1,13
8
12,16,29
10
13
2
12,16
28
23
7
9
4
15
15
13
18
6
18
8
3
10
19
5,31
18
17
2
23
8
19
8
19
8
2
13
19
23
2,4
9,17,19,25,28
7
9
1
1,19
30
18
23
10
7,18
3,4
3,13
5
12,16
6
2
23
7
1
1,13
4
18
22
2,5
12,16
13
20
2,7
29
18
23
15,18
31
6
7,18
8
10
3,18
22
24
10
9
19
22
4
7
13
9,31
18
18
4
4
6
24
4
7,18
9
7
2
11
4
7
30
23,29
5
15
12,16
24
18
2,18,24
1,13
21,31
6,10,18,23,29
15
7
20
6
4
18
21
12,16
19
5
7
23
29
6
9
25
12,16
18,23
15
12,16
31
18,24
30,31
25
2
18
17
0,13,23
10
10
15,28
2
4,18
12,13
2,5
7,18
6
31
4,5
7,26
20
15
22
4,21,25
1
24
5
18
29
4
27
1
1,10
4,22,25
31
12,16
1,13,23,28
7,23,24,29
7
0,2,4,5,6,7,10,25,27,33
5
10,28
22
5
23
15,18
29
20
7,19
17
10,32
36
15
7
23
4
23
1
31,36
8
15
23
8
7
4
2,7
7,18
1
5
10
31
1
15
15
22
4
6,21
7
10
1
25
5
7
28
7,19
7
23
24
5
18,23
15
12,16
6,21
21
1,17,29
7,18
5
23,29
6
5
5,18
2,13
6
8
23
4
5
3,17,28,31
18
19
6,21
1
4
9
13
3,5
28
5,13
5,19,27
5
2,10,12,16
6,13
5
13
12,16
10,20
5
10
2,7
18
2
4
18
2,29
12,16
1
6,8,9,22
0,5,18,35
5
4
15,18
7
13
6
1
15
18
25
12,16
4
10,21,23,26
13
15
29
34
5
28
7
1
19,21
4
4
15
7,18
7,18
21
18,23
5
4
7
7,18
15
6
6,24
10
7,28
18,23
5,29
2,12,16,25,30,31
20
4
18
7
15
4
18
9
20,27,31
18
18
7
6
5
4,5,19,31
28
7
6
18
23
5,23
18
23
5,23
17
1,13
32
12,13,16
9
8
5
15
18
22,23,29
6,27
0
12
10
18
23,24
5
4,21,28
5
2,5,18
5
32
6,18,29
13,21
15
22
7,18
5
5,7,8
24,29
19,25,31
2,7,10,24
18
12,16
23
18
23
21
18
18
9,23,25
29
4,7
10
32
7
5
9
8
6,18,25
7
9
23
2
5,6,7,10
4
19
4
7
13,29
3,15
7
4
5,15
1
10
7
5
7
8
18
3,6,18
13
5
31
2,4,12,16,23,24
18
25
7,18
18
18
0,8
5
12,16,27,32
2,5
1,2,4
12,16
23
23
17
9
19,31
15
0
23
4
22
21
2,5,24
7
18
10,18,23
5,6,23
4
18
2,7
5
5
18
23
17
7
35
4
8
1
9
4
4
7
6
23
5
12,16
1
22
19,23,24
19
6
2
4
34
31
8,12,16
1
6
10
4,23,24
18
5
15,23
4,18,24
20
15
23
23
23
9
3
5,8,12,16
1
7
5
2,5
3,4,6,15
19
7,10
4
25
1
9
5,15
21
18
4
2
1
12,16
6,7
4,7
3,25
6
6
7,9
23
4
7
6
22
7
7
24
6,35
5
5
1,31
23,29
18
5
22
7,18
12,16,29
23
4
2
18
13
4
7
12,16
7
23
18
7
23
1,5
18
21
7
23
21
18
3
19
24
7,29
5,31
5,18
23
7,12,16
19
4,20
18
13,19,25
35
8
5
22
18
11
2,4
18,23
13
4,7
3
4
17
32
7,18
8
35
22
8,25
13
25
33
9
5
5
9,17,25,35
8
23
32
10,18
15
19
17,25,36
4,12,16
4
11
9
12,16,23
7,12,16,21,26
2,18
13
15,23
0,18,27
10
5
20
0,3
2,6
2,12,16
6,10,18,23
15,22
4
4
4,13
0,15
5,15
7
36
7,18
25
28
18
18
19
15
6,7
9
2,9,25
23
18
21
7,12,16,18
20
12,16
3
1
12,16
15
0,26,36
4
31
5
21
36
1,18
6
19
20
23
12,16,32
18
1
6,13
2
5
2,5,15,19,25,32
4,17
0,15,21,29
36
7,18
7
18
3,15
5,9
5
1
13,27
19
15
20
15
2
1
5,23,29
17
15,18
7,18
22
9
3,18
4,32
6,18,23,24
5
10
4
8,28
1
4
4
1
21,29
19
20
20
20,23
1
22
5
19
6
8
18
20
4
7
4
20
20
18,28
18
4
12,16
7
8
10
32
1,20
5,23
6
1
4
23
17
7,18
30
3,7
4
12,16
9
2,28
20
5
2
19
6,20
1
13
10
4
1
20
9
8
9
4
7
4
12,16
31
5,32
1
8,20
7
7,17
32
7,30
15
3,6
7
29
7
10,13
23
7
6
5
18
18
7
10
4
23
1,5
5
13
4
17
1,5,13,18
5
3
2
21
25
27
2,5
1
15,23
28
17
9
20
30
1,2
1
2
6
3
3,7
18,23
18
2
20
7
12,16,37
4
25
4
7
4,28
14
5
4,29
10
21
8,13
10
22
7,18
6,24
23
4
15,23
1
1
2
18
4
23
6,10,21
7
25
23,24
1
23
12,16,32
4,9,25,28
4,6,18
13
7,15
20
18
4
18,23
27,31
1
6,21
2,6
20
17
34
7,10,12,16
23
5
5
9
1
18
1,17
23
2
9,25,28
7
15
4,13
9
37
18
4
0,1,14,31
13
21
7
4
1,20,31
21
2
4
0
25
8
7,18
10
24
23
23
23,29
25
5
19
1
4,12,16
20
5
25
6,15
27
21
8,17
12,16,23
5,12,14,16,18
13,14
22
4
23
23
4
13
3
13
5,35
5,17,19
17
4
30,31
4,5,18
2
10
24
15
19
9
13
10,12
10
18
12
13
13
2,22
7,18
10
1,20
3,4,5,8,19,35
5,27,28
31
27
34
7
5
13
29
20
18,24
8,12,16,36
7
12,16,35
4
2,13
7,18
12,16
13
1,8
1
10
8
0,5,26,37
7
1
5
6,17,21,29
1
13
18
0,1
9
17
22,31
10
17
1
1
17
17,18
4
18
23,24,29
12,16
18
18,19,23
6
35
29
2
29
6
22
23
15
7
2
12,16,23
7,14
23
10
7
18
1
23
2
7
20
5
12
15,27,31
5
33
20
3
1,9
22
5
5,18,23
34
12,16,18
4,10
23
18
5
5
5,29
23
15
1
3
10,13
6
6
2
7
6
9,14
27
1,18
7
0
18
7
4
7,15
2,8,12
18
4
6
9,31
23
4
1,4,5,10,17,35
4
7,18
1,10,18
2,27,31
2
37
18,23
20
5
1,13,23
6
2
5
7
7,18
4
18
6
18
2
32
19
4
25
6
28
4
4
18
22
20
7
1,34
15
2
7
7
7
2
2,30,31
12,16
3
4,23,29
5
13,14
23
4
4
26
23
17
7,18
12,16
3
1,8
18,25
8,18
5
18
15
25
7,23
18
19
31
7,31
5
36
12,16,18,25
20
7,18
2
19
7,17
6
6
20
15
7
18
22
23
2
5
29
19
23
23
31
2
10
5,7
5
5,8,18,28
13
18
24
14
12,16
18
3
4,12,16
8
5
7,10
23
15,23
6,13,15,22,24
5
1,7,10,18,31
5
6
2
5
25
6
18
13
12
7,18
8,17
8
2,5
17,25
1
28
9
2,4,13,20
24
20
15
1
18,23
12,22,35
18,23
4
4
15
27
7
9
2,5
5
23
7
0,1,12,16
8
4
21
29
4,5,23
4
1
15
18,23
4
1
4,22,23
17
12,16,32
15
10,12,16
37
4,15
5
1
4
5
1,4,6
31
4,7,10
15
4
30,31
27
4,31
28
6
29
4
1
1
15
23
5
4,20
9
1
4,5,29
12,16,18
37
1,2,5,6,12,16,22,31
18
4
27
5
32
5,6,12,14,16,31
15
7
10,18
23
7,18
7
1
1
2
1
12,16,19
1,6,9
21
2,5
13
35
18
23
22
19
8
1
13,18
23
12,16
6
20
24
23
1
5
7
1,2
23
18
19
8
2
2
5
12
31
1
12,16
17,30
23
18
2
12,18
15
1
1
4
1,12,16,20
1,13,19,21,22,31
5
10
5
23
5,12,16
18
4
31
21
23,29
4,9
27
20
15,22
29
22,23,24,29
31
18
18
15
25
4
15
5
2
7,18
35
2
2
14,20
2,7,9,29
5
13,29,32
8,18
12,16
7
4
4
15
23
1,6,13
1,4
31
18
17,21
23
6
7
15
12,16
4
6,21
5
7
5,11,19,26
5
20
5,15
5,21
1,6
22
18
1
20
23
1
28
14
23
5
7
1
7,25,28
29
4
23
5
7
15
0,5,17,19,28
12
7
31
10,15,18
2,5
18
5
0,18
7,18,21
4,12,16
9,12,31
23
35
12,16
18
22
5,31
18,32
5
29
8
9
5
18
18,23
18
13
12,16
18,23
7
5
1
13
18,23,24,29
4
18
18
0
3,4
4,18
7
18
4,5
22,23
4
4,12
22
18
1
5
4,15
15
7
7,18
1
36
18
1
12,16,23
2
5,10
15
1
1,12,16
23
29
15,31
4
5
22
17,23
15
10
10,18
7
12,16
6
12,16
23
23
7
22
4
7
12,16
13
6
18
32
37
19
20
3,14,17,25
20
20
5
20
4
4,5,23
20
4
20,25
6
5
4
20
9
2
31
27
21
1,2,27,28,31
2
1
1
2
4
18,23
22
1
23
2
20
36
17
18
7,14
13
9
12,16,31
7
6
19
15
22,23
2,13
23
5
20
32
1,9
31
5
31
5
7,18
9,18
4
1
21
1
3,22
18
13
6,10,18,29
31
20,32
7,18
1
29
18
18,23
18
6
15
18
37
18,29
12,13,25
5,9
5
15
2
18
5
29
19
12,16
18
5
8
0,23
17
27,31
21
2
15
22
7,23
35
2,5
5
18
17
4,20
7
4
4
2,7,12,16,28
6
18
1,35
15
4
2
18
22
10
14
2,12,16
10
23
5
1
4
21
17
20
22
1
24
17
4
7
1
7
18
18,23
25
4,12,16
5
2,5
13
7,18
1
4
7,18
7
6
7
7,18
6
15,29
1
25
7
1
28
23
7,18
25
12,16
5,6
4
18
29
7
1
5,7
25
7,17
2,12,16
20
5,7,21
31
4
31
5
5
7
6,8,19
2,12,16
35
7
13
7,12,16,32
20
6
18
19
6
5
15,18
9
20
13
1
15
4
1,6
4
5,35
23
3,14
5
4
21
15
8
18
7
18
7,18
7,15,18,23
29
15,26
18
2,22
7
15
6
2,5
1
25
4
2,5
5
5
10
5
1
3
23
22
19
13
23,29
35
5
5
9
7,15
35
6,36
18
6
5,6
15
8
12,16
12,16
4
19
6,8
37
4
0,12,16
32
4
1
4
2
4
0
2
4
22
4
1
7
8
31
22
2
5
27
17
6
7
19
17
31
22
18
15
7,15,18
15,18
31
9
3
27
10
10,13
5
13
6
4,12,15,16
14,21,25
2,6
9
10
20
18
4
20
2
15
1
1
23
4
18
20
23
17
18,23
3
2
22,23
5,7,17,28
22,27
5
22
21
2
29
5
20
5
29
27
6
2
7,18
5
0
18
7
36
12,16
6
1
4
6,32
15
15
2
3,18
17
7
7,24
36
2
1,6
7,26
12,16
1
6
32
14,30
37
10
18
11,18,23
4,31
37
19,27,31
12,16
7
15
4
5
7,18
7
3,7
5
22
1
14
4
20
18
4
23
19
4
7
17
2,5
17
5
20
28
1
8
12
9
1
22,23
8,31
17
5
4
4,12
18
7,18
6
7
19
14
1
28
6,33
35
29
2
7
1,30
18
1,20
7
18
18
7
17
26
25
5
1
5
24
23
4,9
31
20
36
13
18
17
15,28
23
10
22,35
10
1
18
7,18
6
19
1
29
1
31
4
7
10
23
18
4,20
17
23
36
6
23
37
9,18,30,35
7,18
15,17
7,29
31
10
8
23
1,20
23
5,15
15
5
35
4
6
2
29
13
2,5,18
18
5
21,23,29
31
7
27
5,17
5
8,10,35
2
18
12,16,18
7
4
6,13
6,13
24
5,23
13,14
25
23
4
32
1
7
18
18
3
5
12,14,15,16,32
18,23
8
15
22
7,18
5,23
24
32
7
4
4
17
3
27
19
21
6
5
4
2
13
18
1,8,23
7
6
18
7
2,20
34,38
2,15
7
9
5
15
24
5
5,23
20
17
1
18
17,23
6,17
5,24
1
7
6
18
1
15
17
18
25
4
5
18
11
13
25
7
2,7
7,18
17
2
3,4
5
12
17
2
5,17
12
21
4
6
4,10
5
18
4
15
2
12,16
1,6
32
4
7,21
18
4
23
6
2,14,18
1
21
19
2
5
9
4
10
9
4
5,17
7
7,18
10
2
15
10,18,19
5
5
7
5
9
17
7
2
0,1,4,13,18,19
4
27
23,36
18
1
7
24,29
21,31
20
5
11
21
7,34
23
1
9
18
3
8
3
13,19,28
5
31
10
22
14,18
20
5,31
5
5,31
3
7,18,27
3
2
7,23
7
20
18,30
18
36
36
4
4
8
9
15,28
22
9
2,7
17
18
18
1
7
4
5
2
6,15,28
29
14,21
22
2
5
10
11
7,18
4
8,18,35
7
23
0,2,5,10
23
7
7,18
5
7,18
13
11,27
9
23,29
9
21
5
7
1
18
22
1
3
4
27
10
5
18
4
13
5
30,31
23
9
2
29
29
7
32
15
4
17
5,18
23
6,12,16
6
2,5
7
5
5
5
5
6
12,16
29
6
23
6,17
18
6
27
9
26
8,29
9
5
32
19
4
5
19
9
13
4
2
4,23,29
5
9
23
2
5
4
4
5
5
2,4,15
12,16,32
15
13
1,6
18,29
10,20
2
7
37
8,28
5
19,34
4,7
7
15
30,31
0
18,23
13
4
15
4
18
10
23
2
22
15
13,19
17
5
12,16,34
4
2
10
6,13
18,23
5
6
7
0
18
7
2
7
1
23
21
29
18
1
15
32
9
4
18,21
7,18
28
18
22
18
1
18
5
15
4
12,13,27,31
15,18,23
10
4
15
19
1
18
14,22
4,5,7,18
24
2,7
3,7,18,23
8
7,27
31
7,18
7
7
17
6
1
35
31
5
18
22
5
29
1,9
23
20
5
0,21
1,2,5,10,31
19
23
32
1,7
5
23
15
6,13,23
4,23
5
7
17,31
25
5
3,18,23,36
6
26
19
2
4
1
2
5,29
23
6,14
18
5
18
2,12,16
1
24
1,6
1
6,13
5
3
2
7,18
2
15
5
5
12,16
20
23
18
3,12,16
19
15
14
18
18
9
1,18
18,23,29
12,16
4,15
29
22
18
7
7,18
1,4,22
26
25
5
20
3,15
5,15,23
15
4,15
15
5
7,18
6
1,24
2,27
0,5,7,10
8
8
7
2
23,37
1
7
6,35
1
10
23
7
4,23
4,10
31
2,23
18
18,23,29
1,2
12,14,16
1,7,27
6
34
10
4
17
4
31
7,35
5
8,12,16,18
5
1
0,4
23
35
18,23
22,23
8
3,19
31,35
15
15
6,21
2
22
7
36
15
5
4
12,16
20
18
4
18
17
7
2
7
2
12,16
18
5
6
1,8
4,22
6
1,2,15,23
6,23
5
18
7
4
20
13
7,18
3
22
5
18
7,18
21
26
13,27,31
28
13
5
5
5
21,23
25
1
20
14
4
4,35
10
1
36
6,26
15
18
4,12,16
4
23
15
17
20
4
31
15
31
15,23
2,28
6
5
23
7
18
15
7,18
24
4
1,27
7,18
0
18
22
5,23
7
20
7
18
23
23
6
31
1
10
7,18
7,18
2,12,16
6
4
29
4
18
23
9
4
1
27
15
23
29
15
10
24
13
20
21
12,16
4
7
7
18
8
18
27
29
12,16,32
26
12
2
7,23,35
27
4,5,25
14,34
7
25,28
18,29
23
22
4
23
17
5
10,18
19
4
26
3
5
13,32
23
30,31
18
4
5
28
5,29
5,23
4
25
1
22
5
6
17
31
6
18
1
4
20
12,16
7
4
18
5,8
2
23
7
7,12,16
4
0
27
4,25
20
17
6
2,15
22
23
27
2,17
2
0
4
1
17
12
31
2,5,18
17
7,34
5,23
29
20,25
18
23
7
5
36
18,29
22
21
12,16,18
24
4
15
3
37
27
17
18,23
22
29
12,16
7
3,5,12,13,16
1,10
18
32
23
5,8
1
8
5
20
19,30
9,25
2
0,23
29
14
6
29
30
4
30
5
25
25
2
17
6
25
2,5,14,23
27
1
7,22
23
15
36
36
23
9
3,7,21
2,7
18
5
18
24
12,16
5
24
5
18
10
35
22
5
18,35
21
36
2
23
15
6
12,16
3,23
19,21
5
28,31
28
25,28
1,6
4
18,23
2
4
6
29
18
15
3,5
1
7,37
30
10,15
18
2
1,35
23,24
17
7
15
5
23
8
5
1
18
2
7
4
17
14,18,23
31
14
7,18,19
23
22
18
12,16
6,13
9,15
6,21
17
13
20
12,16
15
15,19
12,16
7,15,18
15
6
7
7
7
26
18,32
24
6
7
15,23
15
12,16
5,23
18
5,10
7
9
18
1
15
20
18,23
21
18
22
23
30
23
4
17
15
23
1
28
18
4
7
23,29
7,12,16,18
10
35
8
23
1,2
21
10
18
6
4
10
31
6
7,15
2
10,35
36
14
4
6
22
18
7
19
5
15,23
10,33
19
32
27
6
4
30
2,5
13
7,18
17,23
1
23
18
18
7
15
7
21
3
1,6
2
15,31
7
4,5,6,13
3
18
4
10
6
1
13
23
4
5,18,23
22
2,5
23
21
19
5
9
6
22
12,16
7
4,12,16,26
7,18
6
18
2
1
6
18
5
18
7,18
17,27
18
27
1
7
24
8
29
12
23
2
3,7
18
15
15,23
4,12,16
12
6
13,20
9
15
19
13
20
2
17
18
31
19,20
35
23
28
7,18,31
7,23
7
18
5,12,16,28
4
14,23
1
17
31
18
18,31
18
35
9
11,31
7
32
23
14
1,20
28
13
6
7
20
18
7
6
4,14
5
18
9
6,15,23,32
2
0
14
7,18
8
2,5,7,18
23
8
5
12,16
19
2,5,14
7,18
30
21
3
1
7
20
2
10,15,18
33
6
18
2
5
8
14,23
4
26
22
21
31
31
10,27
5
21
7
12,16
19
6
25,28
22
5
30
5,29
5,10
31
9
8
15
6
5
6
18
15,29
6
1,5,31,35
13
5
21,29
29
4
5
9
12,16
1,31
22
27
15
6,23
15
17
5
25
6
5
30,31
5
20
5
4,14
2
22
23
6
1
6,31
12,16
23
23
4
6
2
4
6
10
5
9
18
6,24
12,16
17,34
31
5
6
18
18
26
23,29
21
2,17
6,32
18
7
37
17
7,18
7
4,23,33
19
6,13,30,31
2,3,5
22
2
6,10
9
22
23
5
22
18
2,4
7,18
10
31
27
5,12,29,35
7
5
1
18
6
9
18
5,23
5
23
3,14,17,18
18
18
15,23
6
17
6,13,17
18
36
5,13
7
2,18
28
23
34
10,12,16
7,18,28
4
4,27
1
18
3
2,7
5
7,18
3
6
13
7
13
18
19
2
9
10,34
12,16
4
18
18
18
4,14
23
7
2,17
12,16
25
35
23
5,12,16
31
12,16
15
2,5
14
19
5
7,27,28
6,13
5
3
4
35
7
2,7,18,31
7,18
2
10
7
4,13
7
9
18
7,18
10,19,21,27,35
6
18
10,12,16,25
17
7
12,16
4
12,16
5
18
2,7,15
5,6
21
5
7
2,4,7,18
10
37
18
12,16
18
28
2,9
18
6,10
8,28
18
18
5
3,4,9
1
20
3
8
1
25
27
31
1
15
2
22
2,5
23,24
7,8
29
5
8
7
10,18
8
6,13
7,23
28
4,5,17,29
2
12,16
9
13
4
4
19
4
18
1
14
4,5
0
18
25
4
7,8,18
6
25
5
29
33
1
5
15,26
2
4
10
17
6
20
17
14
10
8
4
12,16
0
8
13
4
0,7
15,31
23
22
5
7,23
25
7
6,37
4
29
7
18
6
18
23
17,23
4
5
7,9,15,18,28
13
2
2
6
23
4
12,16
22
28
22,23
9
17
4
5
1
14
9
4
19
2
22
18
0,1,6
5
14
18
6
23,29
18
23
28
4
5
4,28,31
21
15
18,24
5,7
2
23
3
5,12,16,32
35
7,18
7,18
7
18,23
17
2
19
10,28
7,18
20
21
25
23
28
4
15
5
12,16
4
28
5,28
5
14
7,18,19
12,16,18,28
5
7
27,31
5
22
4
21
18,23
6
1,5,19,30
4
22
5
5
7
15
6
12,16
9,12,17,18,23,27
4
0,12,16
2
5,12,16,23
7
23
19,31
28
4
18
2,6,20
13
20
4
28
23
5
18
3,4,12,16
5
17
6,23
18
2,14
28
35
23
22
2,7
3
4
17
2,5,6,12,16
28
1,6
23
1
4
4
5
17
4
5,12,14,16
2,6
4
3
29
28
2,7,18
6
12
14
5
3
15
5
8
5
22
7
13,20
5
0
20
6
22
4
7,18
7,21,29,31
22
6,13
6
7
2,6,13
23
28
17,31
28
29
22
15
17
6
5,18,23,31
23
15
4,12,16
6
4,6
7
5
6
15
12,16
17
7,18
5
6,24
4,10
6,7
1,23
5
6
14,17,25
7,18
2,13,28
4,18
4,17
24
14
15
7,24,26
22
12,15,16
5
35
33
0
23,24
7
13
28
14
10
7
2,20
35
23,29
7,18
7
19
17
25
15
4
28
7,18
6
27
20
15,19,22,23
7,23
8
10
9
17
9
6,23
28
7,18
28
6
6
1
5
28
5
18
7
9
19
19
20
10
10,18
7,23
5
22
18
23,29
19
5,12,16,27
35
35
18,30
28
4
15
24
7,18
34
23
23
6
2
6
2
24
35
17
28
27,28
23
5,13,30,31,35
9,35
18,23
35
5,6
18,23,25
18,23
19
30
6
5,10,28
18
4,32
22
12,16
5,10,35
18
7
4
5
5
6
12,16
18
15
18
23
7,18
12,16
2,31
9
18
10
7
18,29
28,31
10
3
7
23
4
5
1,6
18
35
2
28
23
12,17
15
6
28
4
18
2,5
18
4
20
25
25,28
18,25,31
7
9
3,25
31
5
12,16
4
5
8,28
7
2
3,18
6
4,23,27
10
5
21
7,9,22
5
28
7,18,35
7
28
2
6
36
2,28
25
7
1
1
28
17,23
17
6
13
13
3
7,18
18
7,18
1
3
4
12,16
18
28
18
9
5
4
5,7,18
7,18
5
9
2,5,10
18,21,23
5
18,23,31
15
18
4
25
15
17
4
23
4
14
4
18
36
32
7
7,18
20
28,35
0,8
1
14
6,35
13
7
18
9
6
18
22
7
23
6
5,10,25,27,28
10
23
12,16
4,10
9,35
4,10
5,28
5
7,9
2
5
20
4,15,19
7
7,18
18
7
7
6
35
18
28
7,8,25,27,28,32
2,9,17
2,28
7
4,18
15
6
5
29
20
4,20
1
5
7
7
7,18
18
31
18
13
12,16,32
5
18
0,1,27
6,24
6
23,24
18
5,13,20
20
28
4
6
10
7
5
9
1
5
5,7,18
22,23
4
20
18,23
28
6,20
4
1
24
12,16
6
6
5,10
28
4
7,9,18
35
2
26
9,28
18
18
7,18
7
1,7
15
7
7
6,13
0,14
15,29,35
13
7,18
28
18
23
8
27
1
1,2,13
7
6
5
31
18
25,28
18
18
5,10
13
28
36
10,18
6
5
12,16
2
5
27
2,18
17
4,12,16
5
28
20
5
9
9
13
1,14
19
18
17
2
10
35
26
2
18
18
18
4
0,1
20,25
18
4
2,7,10
21
20
5,28,37
4
15
12
23
10
4
1
2,5
1
5,6
10
28
6
24
19
5
1
10,35
2,5
29
1
9
4
7,18
22
5
1
7,18
15
0,4,7,15
7
1,2,15
10,31
18
13
12,16
2
9
37
22
0,17,35
2,5
6
17
17
18
7,18
28
28
0
28
2
7,18,23,29
12
20
5,24,28
7
4
12,16
18
5
7,23
7
18
6
6
5
0,10,15
25
0,18,22,23
31
9
7
36
19,31
7
23
6,18,22,23,24
19
7
18,27
12,16
6
6
9
18
7,18
8
7
13
7,18
23,35
28,35
18
18
5
21
23
7
15
18
11
6
18
2
5
2
4
5
7,18
6,21
18,24
2
18,23
35
4
15
8
15
4
20,35
5
2,22
5,8
7
32
17
0
4
3
4
7
18
10,23
0
2
8,28
18
8
7
15,23
18
5
9
1
2
2,5,7,21,23,24,37
4
7,18
2
23
15
28
10,28
21
2
12,16
5
18
5,6,13
12,13,16
13
7
12,16,30
3,22
13
2,22
1
18
28
7,9
23
9
26,29
4,35
5,13
23
21,23
23
20
23
7
5,27
35
7
20
35
7
12,16,18
29
31
7,18
5,28,30
7
6,13
28
5
6
9
7,10
4
5
5
31
13
7
18
18
15
5,19
7
19
13
3,21
7,15,22,35
12,16
36
18
35
21
18
29
12,16,20
2,5
23
28
31
35
19
5
1
5
1,10
5,17
17,23
18
29
0,35
6
0,9
7,18
18,23
18
2
18
24,33
4,10
5
31
18
4
25
4
2,5
12,16
18
18,19
1,5
7
20
17,21
13,18
26
1
18
8,19
13
5,18,23
2
7,23
19,31
1
18,23
31
7,26
12,16
12
7
4
18
5
5
4
1,6,15
7
20
15,35
7
14,19,25,28,31
7,18
10
4
31
3,5
18
4
7
5
21
7
7
18
9
4
4
7
23
3
18,34,35
18
5,13,15,36
7
13
1
7
33,37
11
27
18
7
5
7
23
7
7,18
18
35
18
2,5
20
19
2,5
14
1
29
5
23
12,16
7,18
12,16
7
7
7,15
2,5
34
1
27
23
6
5
1
18
18
8
13
25,35
31
1
7,18
15,19
7
12,16,35
10
7
36
5
28
17
2,27,28
13
4
18
12,16
6
6,27
1
22
31
5,13,17,18
8
18
5,7,13
6
4,35
23
14
2
28
6
7
9,18
2
12,16
5
26
5
23
23
29
7,15,18,19
13
5,19
22,23
31
9
4
23
30
7,18
17,31
4
31,36
8
35
7
9
5
28
2
34
4
23,29
24
6
7,23
14
19
21
31
18
18
31
2,4,5,28,31,36
7,15,23
20
7
21
2
7
4
23
18
7,18
1
6
18
18
29
1,3,4,18,23,27
2
5
1
18,24
3
12,16
7
11
13
18
5
15
13
6
4
18
0
15,22
22,28
9
22
5
31
15,20
4
7
22
2,7,12,16,34
4
13
8
21
5
6
18
21,22,31
2
2
4,5,28,31
2
10,24
4
7
5
6,13
31,35
7
23
4,7,10
20
2,5,20
24,33
18
4
2
2
23
20
4
7
1
6,7
6
7,18,31
5
7,18
5
23
19,28
6
22
15
3,4,31
7,18
9,18
12,16
23
15
28
8
20
5
7,17
6
5
15
18
7
5
5
7,23
6
35
2,19
1,12,16
23
5
5,12,16
19,31
4
18
4,23
3
7
20
23
25
25
8
6
5,7,15
6
20
23
6
1
2
4
7,18
17
35
27
2
1
13
2,14
23
18
23
18
18
23
1
5,18
2
5,6,13
7
35
7
20
7,18
12,16,17
17
7,18
21
24
5
28
6
1,7
23
6,21
7,13,18
13
35
3
5
10
9
1,31
7
18
2,4
3
1,9
15
1
1
7,22
24
5
23
28
4
19
31
4
18
7
9,18
23
28
7
28
21,36
15
